1,22,1,24,10,37,21,29,15,30,12,13,14,56,17,18,36,20,41,42,23,46,25,26,27,28,57,58,31,33,34,35,2,4,38,39,3,11,6,43,44,45,7,47,48,49,50,51,52,53,54,55,9,19,40,59,60,61,62,63,64,64,64,64,64
2,2,4,3,10,6,7,9,19,11,12,13,14,15,17,18,36,20,21,22,23,24,25,26,27,28,29,30,31,33,34,35,1,37,38,39,40,41,42,43,44,45,46,47,48,49,50,51,52,53,54,55,56,57,58,59,60,61,62,63,64,64,64,64,64
3,52,48,3,53,44,51,60,45,43,36,2,59,4,17,18,37,20,21,22,1,24,25,26,6,28,29,30,31,33,34,35,7,10,38,39,40,41,42,12,14,9,46,47,19,49,50,11,23,13,54,55,56,57,58,27,15,61,62,63,64,64,64,64,64
4,19,4,11,1,27,18,9,20,21,23,13,14,15,17,34,36,38,40,22,44,24,25,26,52,28,29,30,31,33,64,35,2,37,6,39,3,41,42,43,10,45,46,47,48,49,50,51,12,53,54,55,56,57,58,59,60,61,62,63,7,7,7,7,7
5,0,0,0,0,0,0,0,0,0,0,0,0,0,0,0,0,0,0,0,0,0,0,0,0,0,0,0,0,0,0,0,0,0,0,0,0,0,0,0,0,0,0,0,0,0,0,0,0,0,0,0,0,0,0,0,0,0,0,0,0,0,0,0,0
6,0,0,0,0,0,0,0,0,0,0,0,0,0,0,0,0,0,0,0,0,0,0,0,0,0,0,0,0,0,0,0,0,0,0,0,0,0,0,0,0,0,0,0,0,0,0,0,0,0,0,0,0,0,0,0,0,0,0,0,0,0,0,0,0
7,7,9,3,4,6,14,17,10,11,12,13,27,15,31,18,19,20,21,22,23,24,25,26,52,28,29,30,60,33,34,35,36,37,38,39,40,41,42,43,44,45,46,47,48,49,50,51,1,53,54,55,56,57,58,59,2,61,62,63,64,64,64,64,64
8,0,0,0,0,0,0,0,0,0,0,0,0,0,0,0,0,0,0,0,0,0,0,0,0,0,0,0,0,0,0,0,0,0,0,0,0,0,0,0,0,0,0,0,0,0,0,0,0,0,0,0,0,0,0,0,0,0,0,0,0,0,0,0,0
9,7,9,3,4,6,14,17,10,11,12,13,27,15,31,18,19,20,21,22,23,24,25,26,52,28,29,30,60,33,34,35,36,37,38,39,40,41,42,43,44,45,46,47,48,49,50,51,1,53,54,55,56,57,58,59,2,61,62,63,64,64,64,64,64
10,46,38,10,47,45,18,37,17,48,2,19,14,15,31,34,36,39,40,22,23,24,25,26,27,28,29,30,60,33,64,35,1,4,3,11,6,41,42,43,44,7,9,20,21,49,50,51,52,53,54,55,56,57,58,59,12,61,62,63,13,13,13,13,13
11,26,58,11,50,40,27,59,57,34,18,42,33,51,49,35,19,20,41,22,23,24,25,1,52,28,29,30,31,62,64,2,36,37,38,39,3,4,6,43,44,45,46,47,48,7,9,10,21,53,54,55,56,12,13,14,60,61,15,63,17,17,17,17,17
12,37,12,29,45,36,22,53,44,13,26,20,28,38,30,34,19,39,21,42,1,24,48,50,27,54,56,58,31,33,64,35,2,3,4,6,40,41,7,43,9,10,46,47,11,49,23,51,52,25,14,55,15,57,17,59,60,61,62,63,18,18,18,18,18
13,60,18,59,52,13,51,61,26,53,21,12,44,29,48,33,64,35,7,37,19,41,42,43,20,45,46,47,15,49,50,28,30,34,54,36,38,27,27,27,27,27,27,27,27,27,27,27,27,27,27,27,27,27,27,27,27,27,27,27,27,27,27,27,27
14,50,36,36,36,36,36,36,36,36,36,36,36,36,36,36,36,36,36,36,36,36,36,36,36,36,36,36,36,36,36,36,36,36,36,36,36,36,36,36,36,36,36,36,36,36,36,36,36,36,36,36,36,36,36,36,36,36,36,36,36,36,36,36,36
15,15,25,23,26,22,14,37,33,34,7,29,28,30,17,18,19,20,21,42,44,24,48,50,52,54,56,58,31,62,64,35,36,1,38,39,40,41,2,43,3,45,46,47,4,49,6,51,27,53,9,55,10,57,11,59,60,61,12,63,13,13,13,13,13
16,0,0,0,0,0,0,0,0,0,0,0,0,0,0,0,0,0,0,0,0,0,0,0,0,0,0,0,0,0,0,0,0,0,0,0,0,0,0,0,0,0,0,0,0,0,0,0,0,0,0,0,0,0,0,0,0,0,0,0,0,0,0,0,0
17,17,25,18,4,6,7,9,10,11,12,13,14,15,31,34,19,20,21,22,23,24,48,26,27,28,29,30,60,33,64,35,36,37,38,39,40,41,42,43,44,45,46,47,1,49,50,51,52,53,54,55,56,57,58,59,2,61,62,63,3,3,3,3,3
18,60,18,59,52,13,10,61,51,26,21,12,17,53,31,34,36,20,40,22,44,24,48,50,27,28,29,30,1,33,64,35,2,37,38,39,3,41,42,43,4,45,46,47,6,49,7,9,19,11,54,55,56,57,58,23,25,14,62,63,15,15,15,15,15
19,19,4,11,1,27,18,9,20,21,23,13,14,15,17,34,36,38,40,22,44,24,25,26,52,28,29,30,31,33,64,35,2,37,6,39,3,41,42,43,10,45,46,47,48,49,50,51,12,53,54,55,56,57,58,59,60,61,62,63,7,7,7,7,7
20,36,62,20,35,44,28,37,54,12,29,52,43,27,15,30,13,34,21,22,45,24,48,26,53,55,57,58,31,33,64,1,2,3,4,39,40,41,42,6,7,9,46,47,10,49,50,51,11,23,25,14,56,17,18,59,60,61,19,63,38,38,38,38,38
21,59,21,51,60,29,52,50,26,27,28,44,30,33,64,35,36,37,38,41,42,43,7,45,46,47,48,49,12,13,15,53,54,18,34,61,61,61,61,61,61,61,61,61,61,61,61,61,61,61,61,61,61,61,61,61,61,61,61,61,61,61,61,61,61
22,22,1,24,10,37,21,29,15,30,12,13,14,56,17,18,36,20,41,42,23,46,25,26,27,28,57,58,31,33,34,35,2,4,38,39,3,11,6,43,44,45,7,47,48,49,50,51,52,53,54,55,9,19,40,59,60,61,62,63,64,64,64,64,64
23,15,25,23,26,22,14,37,33,34,7,29,28,30,17,18,19,20,21,42,44,24,48,50,52,54,56,58,31,62,64,35,36,1,38,39,40,41,2,43,3,45,46,47,4,49,6,51,27,53,9,55,10,57,11,59,60,61,12,63,13,13,13,13,13
24,22,1,24,10,37,21,29,15,30,12,13,14,56,17,18,36,20,41,42,23,46,25,26,27,28,57,58,31,33,34,35,2,4,38,39,3,11,6,43,44,45,7,47,48,49,50,51,52,53,54,55,9,19,40,59,60,61,62,63,64,64,64,64,64
25,15,25,23,26,22,14,37,33,34,7,29,28,30,17,18,19,20,21,42,44,24,48,50,52,54,56,58,31,62,64,35,36,1,38,39,40,41,2,43,3,45,46,47,4,49,6,51,27,53,9,55,10,57,11,59,60,61,12,63,13,13,13,13,13
26,26,58,11,50,40,27,59,57,34,18,51,33,42,49,35,19,20,41,22,23,25,1,52,28,29,30,31,61,63,2,36,37,38,39,3,4,6,43,44,45,46,47,48,7,9,10,21,53,54,55,56,12,13,14,60,15,62,17,64,64,64,64,64,64
27,27,28,36,35,26,29,19,44,37,20,10,21,34,17,18,1,39,40,22,23,24,25,50,52,54,56,30,31,33,64,2,3,4,6,7,9,41,42,43,38,45,46,47,48,49,11,51,12,53,13,55,14,57,58,59,60,61,62,63,15,15,15,15,15
28,27,28,36,35,26,29,19,44,37,20,10,21,34,17,18,1,39,40,22,23,24,25,50,52,54,56,30,31,33,64,2,3,4,6,7,9,41,42,43,38,45,46,47,48,49,11,51,12,53,13,55,14,57,58,59,60,61,62,63,15,15,15,15,15
29,44,29,36,37,45,52,28,43,30,53,22,35,21,51,46,19,20,40,42,23,24,25,26,27,54,56,58,31,33,34,1,2,3,38,39,4,41,6,7,9,10,11,47,48,49,50,12,13,14,15,55,17,57,18,59,60,61,62,63,64,64,64,64,64
30,42,30,54,43,50,41,34,35,53,49,29,23,26,22,55,37,51,61,46,44,24,25,2,27,28,56,58,31,33,64,3,36,4,38,39,40,6,7,9,10,45,11,47,48,12,13,14,52,15,17,18,19,57,20,59,60,21,62,63,1,1,1,1,1
31,31,39,3,4,6,7,9,10,11,12,13,14,15,17,18,19,20,21,22,23,24,25,26,27,28,29,30,60,33,34,35,36,37,38,1,40,41,42,43,44,45,46,47,48,49,50,51,52,53,54,55,56,57,58,59,2,61,62,63,64,64,64,64,64
33,45,35,41,33,44,36,34,42,43,53,27,37,46,49,26,58,60,52,50,57,25,15,10,61,28,29,59,31,62,64,3,4,6,38,39,40,7,9,19,11,12,13,47,14,30,17,18,1,20,21,55,22,23,24,48,51,2,54,63,56,56,56,56,56
34,34,61,42,63,64,35,26,60,33,53,18,62,56,25,36,19,20,21,22,23,47,49,27,28,29,30,31,1,2,3,4,37,38,39,40,41,6,43,44,45,46,7,48,9,50,51,52,10,54,55,11,57,58,59,12,13,14,15,17,17,17,17,17,17
35,45,35,41,33,44,36,34,42,43,53,27,37,46,49,26,58,60,52,50,57,25,15,10,61,28,29,59,31,62,64,3,4,6,38,39,40,7,9,19,11,12,13,47,14,30,17,18,1,20,21,55,22,23,24,48,51,2,54,63,56,56,56,56,56
36,36,62,20,35,44,28,37,54,12,29,52,43,27,15,30,13,34,21,22,45,24,48,26,53,55,57,58,31,33,64,1,2,3,4,39,40,41,42,6,7,9,46,47,10,49,50,51,11,23,25,14,56,17,18,59,60,61,19,63,38,38,38,38,38
37,37,12,29,45,36,22,53,44,13,26,20,28,38,30,34,19,39,21,42,1,24,48,50,27,54,56,58,31,33,64,35,2,3,4,6,40,41,7,43,9,10,46,47,11,49,23,51,52,25,14,55,15,57,17,59,60,61,62,63,18,18,18,18,18
38,46,38,10,47,45,18,37,17,48,2,19,14,15,31,34,36,39,40,22,23,24,25,26,27,28,29,30,60,33,64,35,1,4,3,11,6,41,42,43,44,7,9,20,21,49,50,51,52,53,54,55,56,57,58,59,12,61,62,63,13,13,13,13,13
39,39,47,31,4,6,7,9,10,11,12,13,14,15,17,18,19,20,21,22,23,24,25,26,27,28,29,30,60,33,34,35,36,37,38,1,40,41,42,43,44,45,46,2,48,49,50,51,52,53,54,55,56,57,58,59,3,61,62,63,64,64,64,64,64
40,26,58,11,50,40,27,59,57,34,18,42,33,51,49,35,19,20,41,22,23,24,25,1,52,28,29,30,31,62,64,2,36,37,38,39,3,4,6,43,44,45,46,47,48,7,9,10,21,53,54,55,56,12,13,14,60,61,15,63,17,17,17,17,17
41,45,35,41,33,44,36,34,42,43,53,27,37,46,49,26,58,60,52,50,57,25,15,10,61,28,29,59,31,62,64,3,4,6,38,39,40,7,9,19,11,12,13,47,14,30,17,18,1,20,21,55,22,23,24,48,51,2,54,63,56,56,56,56,56
42,42,30,54,43,50,41,34,35,53,49,29,23,26,22,55,37,51,61,46,44,24,25,2,27,28,56,58,31,33,64,3,36,4,38,39,40,6,7,9,10,45,11,47,48,12,13,14,52,15,17,18,19,57,20,59,60,21,62,63,1,1,1,1,1
43,43,56,42,51,44,35,50,48,52,36,58,25,27,7,34,41,64,21,22,23,24,49,26,53,54,29,30,31,33,1,2,3,37,38,39,40,4,6,14,9,45,46,47,10,11,12,13,28,15,17,55,18,57,19,59,60,61,62,63,20,20,20,20,20
44,44,29,36,37,45,52,28,43,30,53,22,35,21,51,46,19,20,40,42,23,24,25,26,27,54,56,58,31,33,34,1,2,3,38,39,4,41,6,7,9,10,11,47,48,49,50,12,13,14,15,55,17,57,18,59,60,61,62,63,64,64,64,64,64
45,45,35,41,33,44,36,34,42,43,53,27,37,46,49,26,58,60,52,50,57,25,15,10,61,28,29,59,31,62,64,3,4,6,38,39,40,7,9,19,11,12,13,47,14,30,17,18,1,20,21,55,22,23,24,48,51,2,54,63,56,56,56,56,56
46,46,38,10,47,45,18,37,17,48,2,19,14,15,31,34,36,39,40,22,23,24,25,26,27,28,29,30,60,33,64,35,1,4,3,11,6,41,42,43,44,7,9,20,21,49,50,51,52,53,54,55,56,57,58,59,12,61,62,63,13,13,13,13,13
47,49,47,14,46,41,48,39,50,51,22,7,27,29,17,18,19,20,21,42,23,24,25,26,52,28,56,30,31,33,34,35,36,37,38,1,40,2,3,43,44,45,4,6,15,9,10,11,12,53,54,55,13,57,58,59,60,61,62,63,64,64,64,64,64
48,52,48,3,53,44,51,60,45,43,36,2,59,4,17,18,37,20,21,22,1,24,25,26,6,28,29,30,31,33,34,35,7,10,38,39,40,41,42,12,14,9,46,47,19,49,50,11,23,13,54,55,56,57,58,27,15,61,62,63,64,64,64,64,64
49,49,47,14,46,41,48,39,50,51,22,7,27,29,17,18,19,20,21,42,23,24,25,26,52,28,56,30,31,33,34,35,36,37,38,1,40,2,3,43,44,45,4,6,15,9,10,11,12,53,54,55,13,57,58,59,60,61,62,63,64,64,64,64,64
50,50,51,59,43,42,52,58,49,57,60,44,35,41,33,34,19,20,21,22,23,24,25,26,27,28,29,30,31,62,64,1,36,37,38,39,40,2,3,4,6,45,46,47,48,7,9,10,11,53,54,55,56,12,13,14,15,61,17,63,18,18,18,18,18
51,50,51,59,43,42,52,58,49,57,60,44,35,41,33,34,19,20,21,22,23,24,25,26,27,28,29,30,31,62,64,1,36,37,38,39,40,2,3,4,6,45,46,47,48,7,9,10,11,53,54,55,56,12,13,14,15,61,17,63,18,18,18,18,18
52,52,48,3,53,44,51,60,45,43,36,2,59,4,17,18,37,20,21,22,1,24,25,26,6,28,29,30,31,33,34,35,7,10,38,39,40,41,42,12,14,9,46,47,19,49,50,11,23,13,54,55,56,57,58,27,15,61,62,63,64,64,64,64,64
53,53,52,45,61,60,46,50,54,20,21,26,27,28,29,30,33,34,35,36,37,38,41,42,43,44,64,6,47,48,49,7,51,12,13,15,57,58,59,18,19,19,19,19,19,19,19,19,19,19,19,19,19,19,19,19,19,19,19,19,19,19,19,19,19
54,42,30,54,43,50,41,34,35,53,49,29,23,26,22,55,37,51,61,46,44,24,25,2,27,28,56,58,31,33,64,3,36,4,38,39,40,6,7,9,10,45,11,47,48,12,13,14,52,15,17,18,19,57,20,59,60,21,62,63,1,1,1,1,1
55,55,63,3,4,6,7,9,10,11,12,13,14,15,17,18,19,20,21,22,23,24,25,26,27,28,29,30,31,33,34,35,36,37,38,39,40,41,42,43,44,45,46,47,48,49,50,51,52,53,54,1,56,57,58,59,60,61,62,2,64,64,64,64,64
56,43,56,42,51,44,35,50,48,52,36,58,25,27,7,34,41,64,21,22,23,24,49,26,53,54,29,30,31,33,1,2,3,37,38,39,40,4,6,14,9,45,46,47,10,11,12,13,28,15,17,55,18,57,19,59,60,61,62,63,20,20,20,20,20
57,57,50,49,58,42,7,9,10,11,12,13,14,15,17,18,19,20,21,22,23,24,25,26,27,28,29,30,31,33,34,35,36,37,38,39,40,41,1,43,44,45,46,47,48,2,3,51,52,53,54,55,56,4,6,59,60,61,62,63,64,64,64,64,64
58,26,58,11,50,40,27,59,57,34,18,42,33,51,49,35,19,20,41,22,23,24,25,1,52,28,29,30,31,62,64,2,36,37,38,39,3,4,6,43,44,45,46,47,48,7,9,10,21,53,54,55,56,12,13,14,60,61,15,63,17,17,17,17,17
59,59,21,51,58,60,29,52,57,19,22,50,14,15,17,18,36,20,40,42,23,24,25,26,27,28,56,30,31,33,34,35,1,37,38,39,2,41,3,43,44,45,46,47,48,49,4,6,7,53,54,55,9,10,11,12,13,61,62,63,64,64,64,64,64
60,60,18,59,52,13,10,61,51,26,21,12,17,53,31,34,36,20,40,22,44,24,48,50,27,28,29,30,1,33,64,35,2,37,38,39,3,41,42,43,4,45,46,47,6,49,7,9,19,11,54,55,56,57,58,23,25,14,62,63,15,15,15,15,15
61,34,61,63,42,64,35,26,60,33,53,62,18,56,25,1,19,20,21,22,23,24,48,50,27,28,29,30,31,2,3,4,36,37,38,39,40,41,6,43,44,45,46,47,7,49,9,51,52,10,54,55,11,57,58,59,12,13,14,15,17,17,17,17,17
62,36,62,20,35,44,28,37,54,12,29,52,43,27,15,30,13,34,21,22,45,24,48,26,53,55,57,58,31,33,64,1,2,3,4,39,40,41,42,6,7,9,46,47,10,49,50,51,11,23,25,14,56,17,18,59,60,61,19,63,38,38,38,38,38
63,34,61,63,42,64,35,26,60,33,53,62,18,56,25,1,19,20,21,22,23,24,48,50,27,28,29,30,31,2,3,4,36,37,38,39,40,41,6,43,44,45,46,47,7,49,9,51,52,10,54,55,11,57,58,59,12,13,14,15,17,17,17,17,17
64,34,61,42,63,64,35,26,60,33,53,18,62,56,25,19,20,21,22,23,46,48,27,28,29,30,31,2,3,4,36,37,38,39,40,41,6,43,44,45,7,47,9,49,50,51,52,10,54,55,11,57,58,59,12,13,15,17,1,1,1,1,1,1,1
