1,25,26,10,27,43,22,15,18,19,20,21,36,23,42,44,46,28,29,30,31,33,34,35,63,37,38,41,4,5,14,45,12,47,49,50,51,52,53,54,55,56,57,58,59,60,61,62,13,64,64,64,64,64,64,64,64,64,64,64,64,64,64,64,64
2,10,5,6,7,8,9,18,11,12,13,14,15,17,34,19,20,21,22,23,25,26,27,28,29,30,31,33,63,35,36,37,38,39,41,42,43,44,45,46,47,48,49,50,51,52,53,54,55,56,57,58,59,60,61,62,4,64,64,64,64,64,64,64,64
3,52,48,51,44,3,53,60,45,47,43,36,46,11,28,58,10,61,19,20,1,22,2,25,6,27,55,29,30,31,32,33,34,35,4,37,38,39,41,42,5,12,7,8,9,21,49,50,23,26,13,54,14,56,57,15,59,17,18,62,63,64,64,64,64
4,19,4,18,12,27,20,7,17,9,10,11,26,13,14,15,34,36,38,41,21,22,23,25,51,53,28,29,30,31,32,33,1,35,2,37,3,39,8,42,43,44,45,46,47,48,49,50,5,52,6,54,55,56,57,58,59,60,61,62,63,64,64,64,64
5,36,20,35,44,62,28,37,5,29,27,12,19,54,21,18,45,13,22,30,42,46,23,25,51,53,56,57,59,31,32,33,34,3,4,10,6,39,7,8,9,43,11,26,47,48,49,50,55,52,14,15,17,1,38,58,41,60,61,2,63,64,64,64,64
6,27,35,28,6,26,19,36,34,33,5,18,12,13,14,15,17,37,38,20,43,22,23,25,52,53,56,57,30,31,32,1,2,3,4,10,29,39,41,42,7,44,45,46,47,48,49,50,8,9,21,54,11,51,55,58,59,60,61,62,63,64,64,64,64
7,7,9,15,6,35,14,22,8,19,10,11,26,13,31,32,17,18,38,20,21,45,23,25,51,27,28,29,59,61,63,33,34,1,36,37,2,39,41,42,43,44,3,46,47,48,49,50,4,52,53,54,55,56,57,58,5,60,12,62,30,64,64,64,64
8,43,35,56,42,51,8,44,34,7,36,27,48,50,15,33,60,26,19,20,21,22,23,25,52,53,28,29,59,31,63,2,3,4,5,37,38,39,41,6,14,17,45,46,47,9,49,10,11,12,13,54,55,30,57,58,32,1,61,62,18,64,64,64,64
9,7,9,15,6,35,14,22,8,19,10,11,26,13,31,32,17,18,38,20,21,45,23,25,51,27,28,29,59,61,63,33,34,1,36,37,2,39,41,42,43,44,3,46,47,48,49,50,4,52,53,54,55,56,57,58,5,60,12,62,30,64,64,64,64
10,46,38,10,22,37,45,30,29,23,11,21,18,15,47,2,7,54,19,20,44,1,48,49,26,27,28,57,59,61,63,33,4,35,3,8,5,39,41,42,6,14,17,9,43,25,12,50,51,52,53,13,55,56,31,58,32,60,34,62,36,64,64,64,64
11,58,11,50,59,51,12,57,10,42,60,23,26,13,14,15,17,18,19,20,43,22,47,25,52,27,28,29,30,31,32,33,34,35,36,37,38,39,41,1,2,44,45,46,3,48,49,4,5,6,53,54,55,56,7,8,9,21,61,62,63,64,64,64,64
12,37,12,45,36,29,28,20,11,30,60,22,21,35,46,38,15,18,19,41,43,1,47,25,51,27,55,57,59,31,63,33,34,2,3,4,5,39,6,42,7,44,8,9,10,48,49,50,23,52,53,54,26,56,13,58,14,32,61,62,17,64,64,64,64
13,60,18,59,52,13,61,19,51,10,12,45,28,58,17,26,53,62,38,20,43,22,23,25,1,54,55,57,30,31,32,33,2,35,3,37,4,39,41,42,5,44,6,46,47,48,49,50,7,8,9,21,11,56,27,29,14,15,34,36,63,64,64,64,64
14,49,47,50,14,41,22,42,44,45,57,58,46,13,30,15,17,18,19,20,21,1,23,25,26,27,28,29,59,31,32,33,34,35,36,37,38,39,2,3,43,4,5,6,7,48,8,9,51,52,53,54,55,56,10,11,12,60,61,62,63,64,64,64,64
15,15,26,23,34,27,22,14,29,20,52,30,28,46,36,59,31,25,19,41,21,45,47,49,51,53,55,57,1,61,63,33,2,35,3,37,38,39,4,42,43,44,5,6,7,48,8,50,9,10,11,54,12,56,13,58,60,32,17,62,18,64,64,64,64
16,0,0,0,0,0,0,0,0,0,0,0,0,0,0,0,0,0,0,0,0,0,0,0,0,0,0,0,0,0,0,0,0,0,0,0,0,0,0,0,0,0,0,0,0,0,0,0,0,0,0,0,0,0,0,0,0,0,0,0,0,0,0,0,0
17,17,18,9,51,5,6,7,8,19,10,11,12,13,14,15,34,36,38,20,21,22,23,25,26,27,28,29,30,31,32,33,1,35,2,37,3,39,41,42,43,44,45,46,47,48,49,50,4,52,53,54,55,56,57,58,59,60,61,62,63,64,64,64,64
18,60,18,59,52,13,61,19,51,10,12,45,28,58,17,26,53,62,38,20,43,22,23,25,1,54,55,57,30,31,32,33,2,35,3,37,4,39,41,42,5,44,6,46,47,48,49,50,7,8,9,21,11,56,27,29,14,15,34,36,63,64,64,64,64
19,19,4,18,12,27,20,7,17,9,10,11,26,13,14,15,34,36,38,41,21,22,23,25,51,53,28,29,30,31,32,33,1,35,2,37,3,39,8,42,43,44,45,46,47,48,49,50,5,52,6,54,55,56,57,58,59,60,61,62,63,64,64,64,64
20,36,20,35,44,62,28,37,5,29,27,12,19,54,21,18,45,13,22,30,42,46,23,25,51,53,56,57,59,31,32,33,34,3,4,10,6,39,7,8,9,43,11,26,47,48,49,50,55,52,14,15,17,1,38,58,41,60,61,2,63,64,64,64,64
21,59,21,60,51,29,52,58,30,20,53,28,26,45,22,50,61,18,19,41,43,46,23,25,1,27,55,57,2,31,32,33,34,35,36,37,38,39,3,42,4,44,5,6,47,48,49,7,8,9,10,54,11,56,12,13,14,15,17,62,63,64,64,64,64
22,46,38,10,22,37,45,30,29,23,11,21,18,15,47,2,7,54,19,20,44,1,48,49,26,27,28,57,59,61,63,33,4,35,3,8,5,39,41,42,6,14,17,9,43,25,12,50,51,52,53,13,55,56,31,58,32,60,34,62,36,64,64,64,64
23,15,26,23,34,27,22,14,29,20,52,30,28,46,36,59,31,25,19,41,21,45,47,49,51,53,55,57,1,61,63,33,2,35,3,37,38,39,4,42,43,44,5,6,7,48,8,50,9,10,11,54,12,56,13,58,60,32,17,62,18,64,64,64,64
25,25,1,26,10,17,43,27,18,9,21,11,12,13,14,15,34,36,19,20,44,22,23,49,51,53,28,29,30,31,32,33,2,35,4,37,38,39,41,42,3,8,45,46,47,48,5,50,6,52,7,54,55,56,57,58,59,60,61,62,63,64,64,64,64
26,15,26,23,34,27,22,14,29,20,52,30,28,46,36,59,31,25,19,41,21,45,47,49,51,53,55,57,1,61,63,33,2,35,3,37,38,39,4,42,43,44,5,6,7,48,8,50,9,10,11,54,12,56,13,58,60,32,17,62,18,64,64,64,64
27,27,35,28,6,26,19,36,34,33,5,18,12,13,14,15,17,37,38,20,43,22,23,25,52,53,56,57,30,31,32,1,2,3,4,10,29,39,41,42,7,44,45,46,47,48,49,50,8,9,21,54,11,51,55,58,59,60,61,62,63,64,64,64,64
28,29,28,30,37,27,36,20,23,22,38,21,35,34,53,43,19,57,45,61,15,46,47,25,26,54,55,58,59,31,63,33,1,2,3,4,5,6,7,42,8,9,10,11,12,48,49,50,51,52,13,14,32,56,17,18,39,60,41,62,44,64,64,64,64
29,29,28,30,37,27,36,20,23,22,38,21,35,43,53,19,15,45,57,61,34,26,51,54,56,58,31,33,63,5,6,7,8,9,10,42,11,12,13,14,47,48,49,50,55,52,17,18,4,39,41,44,59,60,46,62,25,64,64,64,64,64,64,64,64
30,29,28,30,37,27,36,20,23,38,22,21,43,19,57,45,34,61,15,35,53,56,58,60,63,64,5,9,10,42,12,44,13,14,26,49,18,51,31,33,62,55,4,41,25,59,46,47,50,52,54,54,54,54,54,54,54,54,54,54,54,54,54,54,54
31,42,54,43,34,50,35,41,31,49,45,33,44,51,26,53,36,30,23,20,21,22,47,25,52,27,28,29,59,61,32,1,2,3,4,37,38,39,5,6,7,8,9,46,10,48,11,12,13,14,15,17,55,56,57,58,18,60,19,62,63,64,64,64,64
32,32,31,39,4,5,6,7,8,9,10,11,12,13,14,15,17,18,19,20,21,22,23,25,26,27,28,29,30,61,63,33,34,35,36,37,38,1,41,42,43,44,45,46,47,48,49,50,51,52,53,54,55,56,57,58,59,60,2,62,3,64,64,64,64
33,45,35,41,33,34,44,36,37,43,27,42,53,26,46,50,49,28,25,15,29,30,61,38,51,54,55,57,59,31,63,2,3,4,5,6,7,39,8,9,10,11,12,13,47,48,14,32,17,52,18,19,20,56,21,58,22,60,23,62,1,64,64,64,64
34,34,61,63,35,42,26,64,60,33,53,50,27,62,28,43,17,18,19,20,21,22,23,25,51,54,55,29,30,31,32,1,2,3,36,37,38,39,41,4,5,44,45,46,47,48,49,6,7,52,8,9,10,56,57,58,59,11,12,13,14,15,15,15,15
35,45,35,41,33,34,44,36,37,43,27,42,53,26,46,50,49,28,25,15,29,30,61,38,51,54,55,57,59,31,63,2,3,4,5,6,7,39,8,9,10,11,12,13,47,48,14,32,17,52,18,19,20,56,21,58,22,60,23,62,1,64,64,64,64
36,36,20,35,44,62,28,37,5,29,27,12,19,54,21,18,45,13,22,30,42,46,23,25,51,53,56,57,59,31,32,33,34,3,4,10,6,39,7,8,9,43,11,26,47,48,49,50,55,52,14,15,17,1,38,58,41,60,61,2,63,64,64,64,64
37,27,44,44,44,44,44,44,44,44,44,44,44,44,44,44,44,44,44,44,44,44,44,44,44,44,44,44,44,44,44,44,44,44,44,44,44,44,44,44,44,44,44,44,44,44,44,44,44,44,44,44,44,44,44,44,44,44,44,44,44,44,44,44,44
38,46,38,10,22,37,45,30,29,23,11,21,18,15,47,2,7,54,19,20,44,1,48,49,26,27,28,57,59,61,63,33,4,35,3,8,5,39,41,42,6,14,17,9,43,25,12,50,51,52,53,13,55,56,31,58,32,60,34,62,36,64,64,64,64
39,39,38,29,30,5,6,7,8,9,10,11,12,13,14,15,17,18,19,20,21,22,23,25,26,27,28,57,59,31,32,33,34,35,36,37,1,2,41,42,43,44,45,46,47,48,49,50,51,52,53,54,55,56,3,58,4,60,61,62,63,64,64,64,64
40,0,0,0,0,0,0,0,0,0,0,0,0,0,0,0,0,0,0,0,0,0,0,0,0,0,0,0,0,0,0,0,0,0,0,0,0,0,0,0,0,0,0,0,0,0,0,0,0,0,0,0,0,0,0,0,0,0,0,0,0,0,0,0,0
41,45,35,41,33,34,44,36,37,43,27,42,53,26,46,50,49,28,25,15,29,30,61,38,51,54,55,57,59,31,63,2,3,4,5,6,7,39,8,9,10,11,12,13,47,48,14,32,17,52,18,19,20,56,21,58,22,60,23,62,1,64,64,64,64
42,42,54,43,34,50,35,41,31,49,45,33,44,51,26,53,36,30,23,20,21,22,47,25,52,27,28,29,59,61,32,1,2,3,4,37,38,39,5,6,7,8,9,46,10,48,11,12,13,14,15,17,55,56,57,58,18,60,19,62,63,64,64,64,64
43,43,35,56,42,51,8,44,34,7,36,27,48,50,15,33,60,26,19,20,21,22,23,25,52,53,28,29,59,31,63,2,3,4,5,37,38,39,41,6,14,17,45,46,47,9,49,10,11,12,13,54,55,30,57,58,32,1,61,62,18,64,64,64,64
44,44,36,43,45,52,37,51,42,53,46,35,60,13,14,15,17,18,19,20,21,22,23,25,26,27,28,29,30,31,32,33,34,1,2,3,38,39,41,4,5,6,7,8,47,48,49,50,9,10,11,54,55,56,57,58,59,12,61,62,63,64,64,64,64
45,45,35,41,33,34,44,36,37,43,27,42,53,26,46,50,49,28,25,15,29,30,61,38,51,54,55,57,59,31,63,2,3,4,5,6,7,39,8,9,10,11,12,13,47,48,14,32,17,52,18,19,20,56,21,58,22,60,23,62,1,64,64,64,64
46,46,38,10,22,37,45,30,29,23,11,21,18,15,47,2,7,54,19,20,44,1,48,49,26,27,28,57,59,61,63,33,4,35,3,8,5,39,41,42,6,14,17,9,43,25,12,50,51,52,53,13,55,56,31,58,32,60,34,62,36,64,64,64,64
47,49,47,50,14,41,22,42,44,45,57,58,46,13,30,15,17,18,19,20,21,1,23,25,26,27,28,29,59,31,32,33,34,35,36,37,38,39,2,3,43,4,5,6,7,48,8,9,51,52,53,54,55,56,10,11,12,60,61,62,63,64,64,64,64
48,52,48,51,44,3,53,60,45,47,43,36,46,11,28,58,10,61,19,20,1,22,2,25,6,27,55,29,30,31,32,33,34,35,4,37,38,39,41,42,5,12,7,8,9,21,49,50,23,26,13,54,14,56,57,15,59,17,18,62,63,64,64,64,64
49,49,47,50,14,41,22,42,44,45,57,58,46,13,30,15,17,18,19,20,21,1,23,25,26,27,28,29,59,31,32,33,34,35,36,37,38,39,2,3,43,4,5,6,7,48,8,9,51,52,53,54,55,56,10,11,12,60,61,62,63,64,64,64,64
50,50,51,43,42,52,59,58,41,34,44,57,37,36,60,15,17,18,19,20,21,22,23,25,26,27,28,29,30,31,32,33,1,35,2,3,38,39,4,5,6,7,45,46,47,48,49,8,9,10,53,54,55,56,11,12,13,14,61,62,63,64,64,64,64
51,50,51,43,42,52,59,58,41,34,44,57,37,36,60,15,17,18,19,20,21,22,23,25,26,27,28,29,30,31,32,33,1,35,2,3,38,39,4,5,6,7,45,46,47,48,49,8,9,10,53,54,55,56,11,12,13,14,61,62,63,64,64,64,64
52,52,48,51,44,3,53,60,45,47,43,36,46,11,28,58,10,61,19,20,1,22,2,25,6,27,55,29,30,31,32,33,34,35,4,37,38,39,41,42,5,12,7,8,9,21,49,50,23,26,13,54,14,56,57,15,59,17,18,62,63,64,64,64,64
53,53,45,52,44,37,59,61,46,54,10,11,12,13,14,15,17,18,19,20,21,22,23,25,26,27,28,29,30,31,32,33,34,35,36,1,38,39,41,42,43,2,3,4,47,48,49,50,51,5,6,7,55,56,57,58,8,60,9,62,63,64,64,64,64
54,42,54,43,34,50,35,41,31,49,45,33,44,51,26,53,36,30,23,20,21,22,47,25,52,27,28,29,59,61,32,1,2,3,4,37,38,39,5,6,7,8,9,46,10,48,11,12,13,14,15,17,55,56,57,58,18,60,19,62,63,64,64,64,64
55,55,26,47,4,5,6,7,8,9,10,11,12,13,14,15,17,18,19,20,21,22,23,25,51,27,28,29,30,31,32,33,34,35,36,37,38,39,41,42,43,44,45,46,1,48,49,50,2,52,53,54,3,56,57,58,59,60,61,62,63,64,64,64,64
56,43,35,56,42,51,8,44,34,7,36,27,48,50,15,33,60,26,19,20,21,22,23,25,52,53,28,29,59,31,63,2,3,4,5,37,38,39,41,6,14,17,45,46,47,9,49,10,11,12,13,54,55,30,57,58,32,1,61,62,18,64,64,64,64
57,57,49,58,41,5,6,7,8,9,10,11,12,13,14,15,17,18,19,20,21,22,23,25,26,27,28,29,30,31,32,33,34,35,36,37,38,39,1,42,43,44,45,46,47,48,2,50,51,52,53,54,55,56,3,4,59,60,61,62,63,64,64,64,64
58,58,11,50,59,51,12,57,10,42,60,23,26,13,14,15,17,18,19,20,43,22,47,25,52,27,28,29,30,31,32,33,34,35,36,37,38,39,41,1,2,44,45,46,3,48,49,4,5,6,53,54,55,56,7,8,9,21,61,62,63,64,64,64,64
59,59,21,60,51,29,52,58,30,20,53,28,26,45,22,50,61,18,19,41,43,46,23,25,1,27,55,57,2,31,32,33,34,35,36,37,38,39,3,42,4,44,5,6,47,48,49,7,8,9,10,54,11,56,12,13,14,15,17,62,63,64,64,64,64
60,60,18,59,52,13,61,19,51,10,12,45,28,58,17,26,53,62,38,20,43,22,23,25,1,54,55,57,30,31,32,33,2,35,3,37,4,39,41,42,5,44,6,46,47,48,49,50,7,8,9,21,11,56,27,29,14,15,34,36,63,64,64,64,64
61,34,61,63,35,42,26,64,60,33,53,50,27,62,28,43,17,18,19,20,21,22,23,25,51,54,55,29,30,31,32,1,2,3,36,37,38,39,41,4,5,44,45,46,47,48,49,6,7,52,8,9,10,56,57,58,59,11,12,13,14,15,15,15,15
62,36,20,35,44,62,28,37,5,29,27,12,19,54,21,18,45,13,22,30,42,46,23,25,51,53,56,57,59,31,32,33,34,3,4,10,6,39,7,8,9,43,11,26,47,48,49,50,55,52,14,15,17,1,38,58,41,60,61,2,63,64,64,64,64
63,34,61,63,35,42,26,64,60,33,53,50,27,62,28,43,17,18,19,20,21,22,23,25,51,54,55,29,30,31,32,1,2,3,36,37,38,39,41,4,5,44,45,46,47,48,49,6,7,52,8,9,10,56,57,58,59,11,12,13,14,15,15,15,15
64,34,61,63,35,42,26,64,60,33,53,50,27,62,28,43,17,18,19,20,21,22,23,25,51,54,55,29,30,31,32,1,2,3,36,37,38,39,41,4,5,44,45,46,47,48,49,6,7,52,8,9,10,56,57,58,59,11,12,13,14,15,15,15,15
