1,25,1,33,9,6,7,8,19,10,11,12,13,15,17,18,36,20,21,22,23,24,48,26,27,28,29,30,31,62,34,35,3,37,38,39,40,41,42,43,44,45,46,47,5,49,50,51,52,53,54,55,56,57,58,59,60,61,4,63,64,64,64,64,64
2,0,0,0,0,0,0,0,0,0,0,0,0,0,0,0,0,0,0,0,0,0,0,0,0,0,0,0,0,0,0,0,0,0,0,0,0,0,0,0,0,0,0,0,0,0,0,0,0,0,0,0,0,0,0,0,0,0,0,0,0,0,0,0,0
3,52,48,44,3,53,60,51,45,26,11,12,13,15,17,18,36,20,21,22,23,24,25,50,27,28,29,30,31,33,34,35,1,37,38,39,40,41,42,43,5,4,46,47,9,49,6,7,8,19,54,55,56,57,58,59,10,61,62,63,64,64,64,64,64
4,4,3,7,5,6,13,8,9,10,11,12,27,15,17,18,19,20,21,22,23,24,25,26,52,28,29,30,31,33,34,35,36,37,38,39,40,41,42,43,44,45,46,47,48,49,50,51,1,53,54,55,56,57,58,59,60,61,62,63,64,64,64,64,64
5,36,21,62,5,44,37,35,28,46,47,52,38,45,17,18,1,20,40,22,23,24,25,26,27,54,29,30,31,33,34,3,4,9,6,39,7,41,42,43,8,19,10,11,48,49,50,51,12,53,13,55,56,57,58,59,60,61,15,63,64,64,64,64,64
6,0,0,0,0,0,0,0,0,0,0,0,0,0,0,0,0,0,0,0,0,0,0,0,0,0,0,0,0,0,0,0,0,0,0,0,0,0,0,0,0,0,0,0,0,0,0,0,0,0,0,0,0,0,0,0,0,0,0,0,0,0,0,0,0
7,0,0,0,0,0,0,0,0,0,0,0,0,0,0,0,0,0,0,0,0,0,0,0,0,0,0,0,0,0,0,0,0,0,0,0,0,0,0,0,0,0,0,0,0,0,0,0,0,0,0,0,0,0,0,0,0,0,0,0,0,0,0,0,0
8,43,56,8,44,42,51,50,26,35,36,60,13,15,31,18,19,20,21,22,23,24,25,1,27,28,29,30,61,33,34,3,4,37,38,39,40,41,5,6,7,45,46,47,48,49,17,9,52,53,54,55,10,57,58,59,11,12,62,63,64,64,64,64,64
9,9,7,8,5,6,13,17,19,10,11,12,27,15,31,18,36,20,21,22,23,24,25,26,52,28,29,30,60,33,34,35,1,37,38,39,40,41,42,43,44,45,46,47,48,49,50,51,3,53,54,55,56,57,58,59,4,61,62,63,64,64,64,64,64
10,46,38,10,23,45,15,26,55,47,11,12,13,29,17,18,19,20,40,22,44,24,25,50,27,28,56,30,31,33,34,35,36,37,1,39,3,41,42,43,4,5,6,7,48,49,8,51,52,53,54,9,21,57,58,59,60,61,62,63,64,64,64,64,64
11,58,27,11,40,26,28,25,50,51,59,61,18,15,17,34,19,20,21,22,44,24,48,1,52,54,29,30,31,33,64,35,36,37,38,39,3,41,42,43,4,45,46,47,5,49,6,7,8,53,9,55,56,57,10,23,60,12,62,63,13,13,13,13,13
12,37,12,45,36,38,29,35,22,44,60,25,13,15,17,18,19,20,21,42,23,24,48,26,27,28,56,30,31,33,34,1,3,4,5,39,40,41,6,43,7,8,46,47,9,49,50,51,52,53,54,55,10,57,58,59,11,61,62,63,64,64,64,64,64
13,60,19,59,52,13,29,58,5,27,61,12,28,15,17,18,36,38,21,22,23,24,25,26,53,54,56,30,31,33,34,35,1,37,3,39,40,41,42,43,44,45,46,47,48,49,50,51,4,9,6,55,7,57,8,20,10,11,62,63,64,64,64,64,64
14,0,0,0,0,0,0,0,0,0,0,0,0,0,0,0,0,0,0,0,0,0,0,0,0,0,0,0,0,0,0,0,0,0,0,0,0,0,0,0,0,0,0,0,0,0,0,0,0,0,0,0,0,0,0,0,0,0,0,0,0,0,0,0,0
15,15,26,24,34,7,18,35,37,43,23,12,27,29,17,64,19,20,21,22,44,46,25,50,52,28,56,30,31,33,1,3,36,4,38,39,40,41,42,5,6,45,13,47,48,49,8,51,9,53,54,55,10,57,58,59,60,61,62,63,11,11,11,11,11
17,17,3,4,5,6,7,8,9,10,11,12,13,15,31,18,19,20,21,22,23,24,25,26,27,28,29,30,60,33,34,35,36,37,38,39,40,41,42,43,44,45,46,47,48,49,50,51,52,53,54,55,56,57,58,59,1,61,62,63,64,64,64,64,64
18,18,10,26,27,19,7,8,9,21,11,12,13,15,17,34,36,20,40,22,23,24,25,50,52,28,29,30,31,33,64,35,1,37,38,39,3,41,42,43,44,45,46,47,48,49,4,51,5,53,54,55,56,57,58,59,60,61,62,63,6,6,6,6,6
19,60,19,59,52,13,29,58,5,27,61,12,28,15,17,18,36,38,21,22,23,24,25,26,53,54,56,30,31,33,34,35,1,37,3,39,40,41,42,43,44,45,46,47,48,49,50,51,4,9,6,55,7,57,8,20,10,11,62,63,64,64,64,64,64
20,20,44,28,5,6,7,8,9,10,11,12,13,15,17,18,19,38,21,22,23,24,25,26,27,54,29,30,31,33,34,35,36,37,1,39,40,41,42,43,3,45,46,47,48,49,50,51,52,53,4,55,56,57,58,59,60,61,62,63,64,64,64,64,64
21,36,21,62,5,44,37,35,28,46,47,52,38,45,17,18,1,20,40,22,23,24,25,26,27,54,29,30,31,33,34,3,4,9,6,39,7,41,42,43,8,19,10,11,48,49,50,51,12,53,13,55,56,57,58,59,60,61,15,63,64,64,64,64,64
22,59,22,51,18,52,15,30,35,60,61,19,13,29,17,34,36,20,21,42,23,24,25,26,27,28,56,58,31,33,64,1,3,37,38,39,40,41,4,43,44,45,46,47,48,49,50,5,6,53,54,55,7,57,8,9,10,11,62,63,12,12,12,12,12
23,46,38,10,23,45,15,26,55,47,11,12,13,29,17,18,19,20,40,22,44,24,25,50,27,28,56,30,31,33,34,35,36,37,1,39,3,41,42,43,4,5,6,7,48,49,8,51,52,53,54,9,21,57,58,59,60,61,62,63,64,64,64,64,64
24,15,26,24,34,7,18,35,37,43,23,12,27,29,17,64,19,20,21,22,44,46,25,50,52,28,56,30,31,33,1,3,36,4,38,39,40,41,42,5,6,45,13,47,48,49,8,51,9,53,54,55,10,57,58,59,60,61,62,63,11,11,11,11,11
25,25,1,33,9,6,7,8,19,10,11,12,13,15,17,18,36,20,21,22,23,24,48,26,27,28,29,30,31,62,34,35,3,37,38,39,40,41,42,43,44,45,46,47,5,49,50,51,52,53,54,55,56,57,58,59,60,61,4,63,64,64,64,64,64
26,15,26,24,34,7,18,35,37,43,23,12,27,29,17,64,19,20,21,22,44,46,25,50,52,28,56,30,31,33,1,3,36,4,38,39,40,41,42,5,6,45,13,47,48,49,8,51,9,53,54,55,10,57,58,59,60,61,62,63,11,11,11,11,11
27,58,27,11,40,26,28,25,50,51,59,61,18,15,17,34,19,20,21,22,44,24,48,1,52,54,29,30,31,33,64,35,36,37,38,39,3,41,42,43,4,45,46,47,5,49,6,7,8,53,9,55,56,57,10,23,60,12,62,63,13,13,13,13,13
28,30,29,28,36,20,45,47,27,53,37,21,44,31,17,18,19,38,40,22,23,24,25,26,52,54,56,58,60,33,34,35,1,3,4,39,5,41,42,43,6,7,46,8,48,49,50,51,9,10,11,55,12,57,13,59,15,61,62,63,64,64,64,64,64
29,30,29,28,36,20,45,47,27,53,37,21,44,31,17,18,19,38,40,22,23,24,25,26,52,54,56,58,60,33,34,35,1,3,4,39,5,41,42,43,6,7,46,8,48,49,50,51,9,10,11,55,12,57,13,59,15,61,62,63,64,64,64,64,64
30,30,29,28,36,20,45,47,27,53,37,21,44,31,17,18,19,38,40,22,23,24,25,26,52,54,56,58,60,33,34,35,1,3,4,39,5,41,42,43,6,7,46,8,48,49,50,51,9,10,11,55,12,57,13,59,15,61,62,63,64,64,64,64,64
31,42,54,31,34,43,35,55,41,50,11,12,13,15,17,18,19,20,21,22,23,24,25,26,27,28,29,30,60,33,64,1,36,37,38,39,40,3,4,5,44,45,46,47,48,49,6,51,52,53,7,8,56,57,58,59,9,61,62,63,10,10,10,10,10
32,0,0,0,0,0,0,0,0,0,0,0,0,0,0,0,0,0,0,0,0,0,0,0,0,0,0,0,0,0,0,0,0,0,0,0,0,0,0,0,0,0,0,0,0,0,0,0,0,0,0,0,0,0,0,0,0,0,0,0,0,0,0,0,0
33,35,45,33,41,36,27,44,37,42,53,34,43,46,56,59,50,38,21,22,23,24,25,26,52,28,29,30,31,62,64,1,3,4,5,39,40,6,7,8,9,10,11,47,48,49,12,51,13,15,54,55,17,57,58,18,60,61,19,63,20,20,20,20,20
34,34,61,63,64,43,42,59,60,35,26,53,13,15,17,18,19,20,21,22,23,24,25,50,27,28,29,30,31,33,1,3,36,37,38,39,40,41,4,5,44,45,46,47,48,49,6,51,52,7,54,55,56,57,58,8,9,10,62,11,12,12,12,12,12
35,35,45,33,41,36,27,44,37,42,53,34,43,46,56,59,50,38,21,22,23,24,25,26,52,28,29,30,31,62,64,1,3,4,5,39,40,6,7,8,9,10,11,47,48,49,12,51,13,15,54,55,17,57,58,18,60,61,19,63,20,20,20,20,20
36,36,21,62,5,44,37,35,28,46,47,52,38,45,17,18,1,20,40,22,23,24,25,26,27,54,29,30,31,33,34,3,4,9,6,39,7,41,42,43,8,19,10,11,48,49,50,51,12,53,13,55,56,57,58,59,60,61,15,63,64,64,64,64,64
37,37,12,45,36,38,29,35,22,44,60,25,13,15,17,18,19,20,21,42,23,24,48,26,27,28,56,30,31,33,34,1,3,4,5,39,40,41,6,43,7,8,46,47,9,49,50,51,52,53,54,55,10,57,58,59,11,61,62,63,64,64,64,64,64
38,46,38,10,23,45,15,26,55,47,11,12,13,29,17,18,19,20,40,22,44,24,25,50,27,28,56,30,31,33,34,35,36,37,1,39,3,41,42,43,4,5,6,7,48,49,8,51,52,53,54,9,21,57,58,59,60,61,62,63,64,64,64,64,64
39,39,47,40,5,6,7,8,9,10,11,12,13,15,17,18,19,20,21,22,23,24,25,26,27,28,29,30,31,33,34,35,36,37,38,1,3,41,42,43,44,45,46,4,48,49,50,51,52,53,54,55,56,57,58,59,60,61,62,63,64,64,64,64,64
40,58,27,11,40,26,28,25,50,51,59,61,18,15,17,34,19,20,21,22,44,24,48,1,52,54,29,30,31,33,64,35,36,37,38,39,3,41,42,43,4,45,46,47,5,49,6,7,8,53,9,55,56,57,10,23,60,12,62,63,13,13,13,13,13
41,35,45,33,41,36,27,44,37,42,53,34,43,46,56,59,50,38,21,22,23,24,25,26,52,28,29,30,31,62,64,1,3,4,5,39,40,6,7,8,9,10,11,47,48,49,12,51,13,15,54,55,17,57,58,18,60,61,19,63,20,20,20,20,20
42,42,54,31,34,43,35,55,41,50,11,12,13,15,17,18,19,20,21,22,23,24,25,26,27,28,29,30,60,33,64,1,36,37,38,39,40,3,4,5,44,45,46,47,48,49,6,51,52,53,7,8,56,57,58,59,9,61,62,63,10,10,10,10,10
43,60,60,60,60,60,60,60,60,60,60,60,60,60,60,60,60,60,60,60,60,60,60,60,60,60,60,60,60,60,60,60,60,60,60,60,60,60,60,60,60,60,60,60,60,60,60,60,60,60,60,60,60,60,60,60,60,60,60,60,60,60,60,60,60
44,44,36,52,43,53,20,45,37,58,11,12,13,15,17,18,19,38,21,22,23,24,25,26,27,28,29,30,31,33,34,35,1,3,4,39,40,41,42,5,6,7,46,47,48,49,50,51,8,9,54,55,56,57,10,59,60,61,62,63,64,64,64,64,64
45,35,45,33,41,36,27,44,37,42,53,34,43,46,56,59,50,38,21,22,23,24,25,26,52,28,29,30,31,62,64,1,3,4,5,39,40,6,7,8,9,10,11,47,48,49,12,51,13,15,54,55,17,57,58,18,60,61,19,63,20,20,20,20,20
46,46,38,10,23,45,15,26,55,47,11,12,13,29,17,18,19,20,40,22,44,24,25,50,27,28,56,30,31,33,34,35,36,37,1,39,3,41,42,43,4,5,6,7,48,49,8,51,52,53,54,9,21,57,58,59,60,61,62,63,64,64,64,64,64
47,49,47,46,48,36,39,41,42,28,15,12,13,29,17,18,19,20,21,22,23,24,25,26,27,54,56,30,31,33,34,35,1,37,38,3,40,4,5,43,44,45,6,7,8,9,50,51,52,53,10,55,11,57,58,59,60,61,62,63,64,64,64,64,64
48,52,48,44,3,53,60,51,45,26,11,12,13,15,17,18,36,20,21,22,23,24,25,50,27,28,29,30,31,33,34,35,1,37,38,39,40,41,42,43,5,4,46,47,9,49,6,7,8,19,54,55,56,57,58,59,10,61,62,63,64,64,64,64,64
49,49,47,46,48,36,39,41,42,28,15,12,13,29,17,18,19,20,21,22,23,24,25,26,27,54,56,30,31,33,34,35,1,37,38,3,40,4,5,43,44,45,6,7,8,9,50,51,52,53,10,55,11,57,58,59,60,61,62,63,64,64,64,64,64
50,51,50,43,52,49,42,59,58,44,27,28,29,30,31,33,34,35,36,37,38,39,41,4,11,12,45,46,47,13,15,18,21,53,54,56,57,22,25,60,61,62,62,62,62,62,62,62,62,62,62,62,62,62,62,62,62,62,62,62,62,62,62,62,62
51,51,50,43,52,49,42,59,58,44,11,12,13,15,17,18,19,20,21,22,23,24,25,26,27,28,29,30,31,33,34,35,36,37,38,39,40,41,1,3,4,45,46,47,48,5,6,7,8,53,54,55,56,57,9,10,60,61,62,63,64,64,64,64,64
52,52,48,44,3,53,60,51,45,26,11,12,13,15,17,18,36,20,21,22,23,24,25,50,27,28,29,30,31,33,34,35,1,37,38,39,40,41,42,43,5,4,46,47,9,49,6,7,8,19,54,55,56,57,58,59,10,61,62,63,64,64,64,64,64
53,53,54,45,43,44,60,52,51,10,11,12,13,15,17,18,19,20,21,22,23,24,25,26,27,28,29,30,31,33,34,35,36,37,38,39,40,41,42,1,3,4,46,47,48,49,50,5,6,7,8,55,56,57,58,59,9,61,62,63,64,64,64,64,64
54,42,54,31,34,43,35,55,41,50,11,12,13,15,17,18,19,20,21,22,23,24,25,26,27,28,29,30,60,33,64,1,36,37,38,39,40,3,4,5,44,45,46,47,48,49,6,51,52,53,7,8,56,57,58,59,9,61,62,63,10,10,10,10,10
55,55,22,4,5,6,7,8,9,10,11,12,13,15,17,18,19,20,21,42,23,24,25,26,27,28,29,30,31,33,34,35,36,37,38,39,40,41,1,43,44,45,46,47,48,49,50,51,52,53,54,3,56,57,58,59,60,61,62,63,64,64,64,64,64
56,43,56,8,44,42,51,50,26,35,36,60,13,15,31,18,19,20,21,22,23,24,25,1,27,28,29,30,61,33,34,3,4,37,38,39,40,41,5,6,7,45,46,47,48,49,17,9,52,53,54,55,10,57,58,59,11,12,62,63,64,64,64,64,64
57,57,50,49,5,6,7,8,9,10,11,12,13,15,17,18,19,20,21,22,23,24,25,26,27,28,29,30,31,33,34,35,36,37,38,39,40,41,42,43,44,45,46,47,48,1,3,51,52,53,54,55,56,4,58,59,60,61,62,63,64,64,64,64,64
58,58,27,11,40,26,28,25,50,51,59,61,18,15,17,34,19,20,21,22,44,24,48,1,52,54,29,30,31,33,64,35,36,37,38,39,3,41,42,43,4,45,46,47,5,49,6,7,8,53,9,55,56,57,10,23,60,12,62,63,13,13,13,13,13
59,59,22,51,18,52,15,30,35,60,61,19,13,29,17,34,36,20,21,42,23,24,25,26,27,28,56,58,31,33,64,1,3,37,38,39,40,41,4,43,44,45,46,47,48,49,50,5,6,53,54,55,7,57,8,9,10,11,62,63,12,12,12,12,12
60,60,19,59,52,13,29,58,5,27,61,12,28,15,17,18,36,38,21,22,23,24,25,26,53,54,56,30,31,33,34,35,1,37,3,39,40,41,42,43,44,45,46,47,48,49,50,51,4,9,6,55,7,57,8,20,10,11,62,63,64,64,64,64,64
61,34,61,63,64,43,42,59,60,35,26,53,13,15,17,18,19,20,21,22,23,24,25,50,27,28,29,30,31,33,1,3,36,37,38,39,40,41,4,5,44,45,46,47,48,49,6,51,52,7,54,55,56,57,58,8,9,10,62,11,12,12,12,12,12
62,36,21,62,5,44,37,35,28,46,47,52,38,45,17,18,1,20,40,22,23,24,25,26,27,54,29,30,31,33,34,3,4,9,6,39,7,41,42,43,8,19,10,11,48,49,50,51,12,53,13,55,56,57,58,59,60,61,15,63,64,64,64,64,64
63,34,61,63,64,43,42,59,60,35,26,53,13,15,17,18,19,20,21,22,23,24,25,50,27,28,29,30,31,33,1,3,36,37,38,39,40,41,4,5,44,45,46,47,48,49,6,51,52,7,54,55,56,57,58,8,9,10,62,11,12,12,12,12,12
64,34,61,63,64,43,42,59,60,35,26,53,13,15,17,18,19,20,21,22,23,24,25,50,27,28,29,30,31,33,1,3,36,37,38,39,40,41,4,5,44,45,46,47,48,49,6,51,52,7,54,55,56,57,58,8,9,10,62,11,12,12,12,12,12
