1,0,0,0,0,0,0,0,0,0,0,0,0,0,0,0,0,0,0,0,0,0,0,0,0,0,0,0,0,0,0,0,0,0,0,0,0,0,0,0,0,0,0,0,0,0,0,0,0,0,0,0,0,0,0,0,0,0,0,0,0,0,0,0,0
2,2,5,4,10,6,7,8,19,11,12,13,14,15,17,18,36,20,21,22,23,24,25,26,27,28,29,30,31,33,34,35,3,37,38,39,40,41,42,43,44,45,46,47,48,49,50,51,52,53,54,55,56,57,58,59,60,61,62,63,64,64,64,64,64
3,51,47,43,59,52,50,46,3,45,55,48,60,15,17,18,36,20,21,22,23,24,25,26,27,28,29,30,31,33,34,35,2,37,38,39,40,41,42,5,44,4,10,6,7,49,8,19,11,53,54,12,56,57,58,13,14,61,62,63,64,64,64,64,64
4,50,4,19,42,51,18,49,58,20,5,41,10,57,43,12,37,38,40,22,44,24,25,26,52,28,29,30,31,33,64,35,2,3,7,39,11,6,14,8,36,45,46,47,48,21,23,13,27,53,54,55,56,15,17,59,60,61,62,63,34,34,34,34,34
5,35,20,61,36,27,43,34,5,60,53,33,44,37,29,12,45,26,42,22,3,24,25,50,52,28,56,30,31,62,64,4,10,6,7,39,40,41,8,19,11,23,46,47,48,49,13,51,14,15,54,55,17,57,58,59,18,2,38,63,21,21,21,21,21
6,6,3,4,5,12,7,8,10,11,23,13,14,15,17,18,19,20,21,22,44,24,25,26,27,28,29,30,31,33,34,35,36,37,38,39,40,41,42,43,2,45,46,47,48,49,50,51,52,53,54,55,56,57,58,59,60,61,62,63,64,64,64,64,64
7,7,8,6,5,12,14,17,10,11,23,13,27,15,31,18,19,20,21,22,44,24,25,26,52,28,29,30,60,33,34,35,36,37,38,39,40,41,42,43,2,45,46,47,48,49,50,51,3,53,54,55,56,57,58,59,4,61,62,63,64,64,64,64,64
8,0,0,0,0,0,0,0,0,0,0,0,0,0,0,0,0,0,0,0,0,0,0,0,0,0,0,0,0,0,0,0,0,0,0,0,0,0,0,0,0,0,0,0,0,0,0,0,0,0,0,0,0,0,0,0,0,0,0,0,0,0,0,0,0
9,0,0,0,0,0,0,0,0,0,0,0,0,0,0,0,0,0,0,0,0,0,0,0,0,0,0,0,0,0,0,0,0,0,0,0,0,0,0,0,0,0,0,0,0,0,0,0,0,0,0,0,0,0,0,0,0,0,0,0,0,0,0,0,0
10,37,45,10,22,46,29,44,53,36,52,15,30,47,11,14,7,38,19,21,23,24,25,26,3,54,57,58,31,33,34,35,4,5,6,27,8,20,40,43,12,13,28,56,48,49,50,51,17,18,2,55,39,41,42,59,60,61,62,63,64,64,64,64,64
11,57,26,39,11,25,18,34,27,10,49,58,47,15,17,35,36,20,40,22,23,24,48,50,52,28,29,30,31,33,64,2,3,37,38,4,5,41,42,43,44,45,46,6,7,8,19,51,21,53,54,55,56,12,13,59,60,61,62,63,14,14,14,14,14
12,36,12,37,44,35,27,28,4,52,13,29,53,15,17,18,19,20,21,22,45,24,48,26,2,54,56,30,31,33,34,3,7,5,38,39,40,41,42,43,6,14,46,47,8,49,50,51,10,11,23,55,25,57,58,59,60,61,62,63,64,64,64,64,64
13,18,13,26,10,27,14,12,19,11,23,25,28,15,17,34,36,20,21,22,44,24,48,50,52,54,29,30,31,33,64,35,2,37,38,39,40,41,42,43,3,45,46,47,4,49,5,51,6,53,7,55,56,57,58,59,60,61,62,63,8,8,8,8,8
14,46,48,14,45,38,47,44,6,7,56,15,28,29,17,18,19,20,21,22,2,24,25,26,52,54,57,30,31,33,34,35,36,37,3,39,40,41,42,43,4,5,12,27,8,49,50,51,10,53,11,55,23,13,58,59,60,61,62,63,64,64,64,64,64
15,15,23,25,7,30,22,14,18,11,12,13,28,29,17,34,19,20,21,42,44,24,48,26,52,54,56,58,31,33,64,35,36,37,38,39,40,41,2,43,3,45,46,47,4,49,50,51,5,53,6,55,27,57,8,59,60,61,62,63,10,10,10,10,10
16,0,0,0,0,0,0,0,0,0,0,0,0,0,0,0,0,0,0,0,0,0,0,0,0,0,0,0,0,0,0,0,0,0,0,0,0,0,0,0,0,0,0,0,0,0,0,0,0,0,0,0,0,0,0,0,0,0,0,0,0,0,0,0,0
17,34,17,42,35,25,26,43,33,50,18,36,14,15,31,64,19,20,21,22,23,24,48,51,27,28,29,30,60,62,2,3,4,37,38,39,40,41,5,6,44,45,46,47,7,49,8,10,52,53,54,55,56,57,58,59,11,61,12,63,13,13,13,13,13
18,18,13,26,10,27,14,12,19,11,23,25,28,15,17,34,36,20,21,22,44,24,48,50,52,54,29,30,31,33,64,35,2,37,38,39,40,41,42,43,3,45,46,47,4,49,5,51,6,53,7,55,56,57,58,59,60,61,62,63,8,8,8,8,8
19,50,4,19,42,51,18,49,58,20,5,41,10,57,43,12,37,38,40,22,44,24,25,26,52,28,29,30,31,33,64,35,2,3,7,39,11,6,14,8,36,45,46,47,48,21,23,13,27,53,54,55,56,15,17,59,60,61,62,63,34,34,34,34,34
20,35,20,61,36,27,43,34,5,60,53,33,44,37,29,12,45,26,42,22,3,24,25,50,52,28,56,30,31,62,64,4,10,6,7,39,40,41,8,19,11,23,46,47,48,49,13,51,14,15,54,55,17,57,58,59,18,2,38,63,21,21,21,21,21
21,58,21,57,29,13,50,59,10,11,12,25,14,15,17,18,19,20,40,22,23,24,48,26,27,28,56,30,31,33,34,35,36,37,38,39,2,41,42,43,44,45,46,47,3,49,4,51,52,53,54,55,5,6,7,8,60,61,62,63,64,64,64,64,64
22,37,45,10,22,46,29,44,53,36,52,15,30,47,11,14,7,38,19,21,23,24,25,26,3,54,57,58,31,33,34,35,4,5,6,27,8,20,40,43,12,13,28,56,48,49,50,51,17,18,2,55,39,41,42,59,60,61,62,63,64,64,64,64,64
23,15,23,25,7,30,22,14,18,11,12,13,28,29,17,34,19,20,21,42,44,24,48,26,52,54,56,58,31,33,64,35,36,37,38,39,40,41,2,43,3,45,46,47,4,49,50,51,5,53,6,55,27,57,8,59,60,61,62,63,10,10,10,10,10
24,0,0,0,0,0,0,0,0,0,0,0,0,0,0,0,0,0,0,0,0,0,0,0,0,0,0,0,0,0,0,0,0,0,0,0,0,0,0,0,0,0,0,0,0,0,0,0,0,0,0,0,0,0,0,0,0,0,0,0,0,0,0,0,0
25,15,23,25,7,30,22,14,18,11,12,13,28,29,17,34,19,20,21,42,44,24,48,26,52,54,56,58,31,33,64,35,36,37,38,39,40,41,2,43,3,45,46,47,4,49,50,51,5,53,6,55,27,57,8,59,60,61,62,63,10,10,10,10,10
26,57,26,39,11,25,18,34,27,10,49,58,47,15,17,35,36,20,40,22,23,24,48,50,52,28,29,30,31,33,64,2,3,37,38,4,5,41,42,43,44,45,46,6,7,8,19,51,21,53,54,55,56,12,13,59,60,61,62,63,14,14,14,14,14
27,27,28,36,35,29,26,18,20,37,52,13,14,15,17,34,19,38,21,22,23,24,25,50,53,54,56,30,31,33,64,2,3,4,5,39,40,41,42,43,44,45,46,47,48,49,6,51,7,8,10,55,11,57,58,59,60,61,62,63,12,12,12,12,12
28,27,28,36,35,29,26,18,20,37,52,13,14,15,17,34,19,38,21,22,23,24,25,50,53,54,56,30,31,33,64,2,3,4,5,39,40,41,42,43,44,45,46,47,48,49,6,51,7,8,10,55,11,57,58,59,60,61,62,63,12,12,12,12,12
29,29,43,51,44,42,37,35,36,28,50,30,53,22,14,27,59,20,21,2,23,24,25,26,3,54,56,58,31,33,34,4,5,6,38,39,40,41,7,8,10,45,46,47,48,49,11,12,13,52,15,55,17,57,18,19,60,61,62,63,64,64,64,64,64
30,53,30,41,40,42,52,44,64,29,37,62,45,54,25,56,51,60,61,38,33,34,48,26,27,28,57,58,31,63,2,35,36,3,4,39,5,6,7,43,8,10,46,47,11,49,50,12,13,14,15,55,17,18,19,59,20,21,22,23,24,24,24,24,24
31,59,51,60,58,31,38,52,10,11,12,13,14,15,17,18,19,20,21,22,23,24,25,26,27,28,29,30,61,33,34,35,36,37,2,39,40,41,42,43,44,45,46,47,48,49,50,3,4,53,54,55,56,57,5,6,7,8,62,63,64,64,64,64,64
32,0,0,0,0,0,0,0,0,0,0,0,0,0,0,0,0,0,0,0,0,0,0,0,0,0,0,0,0,0,0,0,0,0,0,0,0,0,0,0,0,0,0,0,0,0,0,0,0,0,0,0,0,0,0,0,0,0,0,0,0,0,0,0,0
33,60,33,62,59,63,52,61,51,34,25,64,41,53,42,18,19,20,21,22,23,24,48,26,27,28,29,30,31,2,3,35,36,37,38,39,40,4,5,43,44,45,46,47,6,49,50,7,8,10,54,55,56,57,58,11,12,13,14,15,17,17,17,17,17
34,34,17,42,35,25,26,43,33,50,18,36,14,15,31,64,19,20,21,22,23,24,48,51,27,28,29,30,60,62,2,3,4,37,38,39,40,41,5,6,44,45,46,47,7,49,8,10,52,53,54,55,56,57,58,59,11,61,12,63,13,13,13,13,13
35,35,20,61,36,27,43,34,5,60,53,33,44,37,29,12,45,26,42,22,3,24,25,50,52,28,56,30,31,62,64,4,10,6,7,39,40,41,8,19,11,23,46,47,48,49,13,51,14,15,54,55,17,57,58,59,18,2,38,63,21,21,21,21,21
36,36,12,37,44,35,27,28,4,52,13,29,53,15,17,18,19,20,21,22,45,24,48,26,2,54,56,30,31,33,34,3,7,5,38,39,40,41,42,43,6,14,46,47,8,49,50,51,10,11,23,55,25,57,58,59,60,61,62,63,64,64,64,64,64
37,37,45,10,22,46,29,44,53,36,52,15,30,47,11,14,7,38,19,21,23,24,25,26,3,54,57,58,31,33,34,35,4,5,6,27,8,20,40,43,12,13,28,56,48,49,50,51,17,18,2,55,39,41,42,59,60,61,62,63,64,64,64,64,64
38,38,39,30,46,37,7,8,10,11,12,13,14,15,17,18,19,20,21,22,23,24,25,26,27,28,29,58,31,33,34,35,36,2,3,4,40,41,42,43,44,45,5,47,48,49,50,51,52,53,54,55,56,57,6,59,60,61,62,63,64,64,64,64,64
39,57,26,39,11,25,18,34,27,10,49,58,47,15,17,35,36,20,40,22,23,24,48,50,52,28,29,30,31,33,64,2,3,37,38,4,5,41,42,43,44,45,46,6,7,8,19,51,21,53,54,55,56,12,13,59,60,61,62,63,14,14,14,14,14
40,53,30,41,40,42,52,44,64,29,37,62,45,54,25,56,51,60,61,38,33,34,48,26,27,28,57,58,31,63,2,35,36,3,4,39,5,6,7,43,8,10,46,47,11,49,50,12,13,14,15,55,17,18,19,59,20,21,22,23,24,24,24,24,24
41,53,30,41,40,42,52,44,64,29,37,62,45,54,25,56,51,60,61,38,33,34,48,26,27,28,57,58,31,63,2,35,36,3,4,39,5,6,7,43,8,10,46,47,11,49,50,12,13,14,15,55,17,18,19,59,20,21,22,23,24,24,24,24,24
42,42,55,43,50,8,34,35,49,47,7,54,27,15,31,18,19,20,21,22,23,24,25,26,52,28,29,30,60,33,64,2,36,37,38,39,40,41,3,4,44,45,46,5,48,6,14,51,17,53,10,11,56,57,58,59,12,61,62,63,13,13,13,13,13
43,29,43,51,44,42,37,35,36,28,50,30,53,22,14,27,59,20,21,2,23,24,25,26,3,54,56,58,31,33,34,4,5,6,38,39,40,41,7,8,10,45,46,47,48,49,11,12,13,52,15,55,17,57,18,19,60,61,62,63,64,64,64,64,64
44,44,45,36,52,43,51,35,37,53,60,31,14,15,17,18,19,20,21,22,23,24,25,26,27,28,29,30,61,33,34,2,3,4,38,39,40,41,42,5,6,7,46,47,48,49,50,8,10,11,54,55,56,57,58,59,12,13,62,63,64,64,64,64,64
45,37,45,10,22,46,29,44,53,36,52,15,30,47,11,14,7,38,19,21,23,24,25,26,3,54,57,58,31,33,34,35,4,5,6,27,8,20,40,43,12,13,28,56,48,49,50,51,17,18,2,55,39,41,42,59,60,61,62,63,64,64,64,64,64
46,46,48,14,45,38,47,44,6,7,56,15,28,29,17,18,19,20,21,22,2,24,25,26,52,54,57,30,31,33,34,35,36,37,3,39,40,41,42,43,4,5,12,27,8,49,50,51,10,53,11,55,23,13,58,59,60,61,62,63,64,64,64,64,64
47,51,47,43,59,52,50,46,3,45,55,48,60,15,17,18,36,20,21,22,23,24,25,26,27,28,29,30,31,33,34,35,2,37,38,39,40,41,42,5,44,4,10,6,7,49,8,19,11,53,54,12,56,57,58,13,14,61,62,63,64,64,64,64,64
48,46,48,45,38,47,7,44,15,56,21,22,41,25,64,27,28,29,33,34,35,36,37,2,12,42,43,8,10,24,26,18,49,50,51,52,53,55,20,57,58,59,60,61,61,61,61,61,61,61,61,61,61,61,61,61,61,61,61,61,61,61,61,61,61
49,49,41,57,50,51,26,8,10,11,12,13,14,15,17,18,19,20,21,22,23,24,25,2,27,28,29,30,31,33,34,35,36,37,38,39,40,3,42,43,44,45,46,47,48,4,5,6,52,53,54,55,56,7,58,59,60,61,62,63,64,64,64,64,64
50,50,4,19,42,51,18,49,58,20,5,41,10,57,43,12,37,38,40,22,44,24,25,26,52,28,29,30,31,33,64,35,2,3,7,39,11,6,14,8,36,45,46,47,48,21,23,13,27,53,54,55,56,15,17,59,60,61,62,63,34,34,34,34,34
51,51,47,43,59,52,50,46,3,45,55,48,60,15,17,18,36,20,21,22,23,24,25,26,27,28,29,30,31,33,34,35,2,37,38,39,40,41,42,5,44,4,10,6,7,49,8,19,11,53,54,12,56,57,58,13,14,61,62,63,64,64,64,64,64
52,52,44,51,53,60,36,59,50,56,43,45,14,15,17,18,19,20,21,22,23,24,25,26,27,28,29,30,31,33,34,35,2,37,38,39,40,41,42,3,4,5,46,47,48,49,6,7,8,10,54,55,11,57,58,12,13,61,62,63,64,64,64,64,64
53,53,30,41,40,42,52,44,64,29,37,62,45,54,25,56,51,60,61,38,33,34,48,26,27,28,57,58,31,63,2,35,36,3,4,39,5,6,7,43,8,10,46,47,11,49,50,12,13,14,15,55,17,18,19,59,20,21,22,23,24,24,24,24,24
54,54,53,4,5,6,7,8,10,11,12,13,14,15,17,18,19,20,21,22,23,24,25,26,27,28,29,30,31,33,34,35,36,37,38,39,40,41,42,43,44,45,46,47,48,49,50,51,52,2,3,55,56,57,58,59,60,61,62,63,64,64,64,64,64
55,0,0,0,0,0,0,0,0,0,0,0,0,0,0,0,0,0,0,0,0,0,0,0,0,0,0,0,0,0,0,0,0,0,0,0,0,0,0,0,0,0,0,0,0,0,0,0,0,0,0,0,0,0,0,0,0,0,0,0,0,0,0,0,0
56,56,24,4,5,6,7,8,10,11,12,13,15,17,18,19,20,21,22,23,45,25,26,27,28,29,30,31,33,34,35,36,37,38,39,40,41,42,43,44,2,46,47,48,49,50,51,52,53,54,55,3,57,58,59,60,61,62,63,64,64,64,64,64,64
57,57,26,39,11,25,18,34,27,10,49,58,47,15,17,35,36,20,40,22,23,24,48,50,52,28,29,30,31,33,64,2,3,37,38,4,5,41,42,43,44,45,46,6,7,8,19,51,21,53,54,55,56,12,13,59,60,61,62,63,14,14,14,14,14
58,58,21,57,29,13,50,59,10,11,12,25,14,15,17,18,19,20,40,22,23,24,48,26,27,28,56,30,31,33,34,35,36,37,38,39,2,41,42,43,44,45,46,47,3,49,4,51,52,53,54,55,5,6,7,8,60,61,62,63,64,64,64,64,64
59,59,51,60,58,31,38,52,10,11,12,13,14,15,17,18,19,20,21,22,23,24,25,26,27,28,29,30,61,33,34,35,36,37,2,39,40,41,42,43,44,45,46,47,48,49,50,3,4,53,54,55,56,57,5,6,7,8,62,63,64,64,64,64,64
60,60,33,62,59,63,52,61,51,34,25,64,41,53,42,18,19,20,21,22,23,24,48,26,27,28,29,30,31,2,3,35,36,37,38,39,40,4,5,43,44,45,46,47,6,49,50,7,8,10,54,55,56,57,58,11,12,13,14,15,17,17,17,17,17
61,35,20,61,36,27,43,34,5,60,53,33,44,37,29,12,45,26,42,22,3,24,25,50,52,28,56,30,31,62,64,4,10,6,7,39,40,41,8,19,11,23,46,47,48,49,13,51,14,15,54,55,17,57,58,59,18,2,38,63,21,21,21,21,21
62,60,33,62,59,63,52,61,51,34,25,64,41,53,42,18,19,20,21,22,23,24,48,26,27,28,29,30,31,2,3,35,36,37,38,39,40,4,5,43,44,45,46,47,6,49,50,7,8,10,54,55,56,57,58,11,12,13,14,15,17,17,17,17,17
63,60,33,62,59,63,52,61,51,34,25,64,41,53,42,18,19,20,21,22,23,24,48,26,27,28,29,30,31,2,3,35,36,37,38,39,40,4,5,43,44,45,46,47,6,49,50,7,8,10,54,55,56,57,58,11,12,13,14,15,17,17,17,17,17
64,53,30,41,40,42,52,44,64,29,37,62,45,54,25,56,51,60,61,38,34,33,26,27,28,55,57,31,2,63,35,36,3,4,39,5,6,7,43,8,10,46,11,48,49,50,12,13,15,17,18,19,20,58,59,21,22,23,24,47,47,47,47,47,47
