1,26,1,34,27,25,18,33,53,35,29,19,20,21,22,23,43,44,46,28,50,30,31,56,58,60,36,37,38,39,40,41,3,7,4,45,15,47,48,49,10,51,52,11,54,55,12,57,42,59,17,61,62,63,64,64,64,64,64,64,64,64,64,64,64
2,0,0,0,0,0,0,0,0,0,0,0,0,0,0,0,0,0,0,0,0,0,0,0,0,0,0,0,0,0,0,0,0,0,0,0,0,0,0,0,0,0,0,0,0,0,0,0,0,0,0,0,0,0,0,0,0,0,0,0,0,0,0,0,0
3,50,3,42,58,51,49,57,43,59,41,11,52,20,37,22,1,25,26,27,28,29,30,31,33,34,35,36,7,38,39,40,4,12,9,44,45,46,47,48,10,21,23,15,53,54,55,56,17,18,19,60,61,62,63,64,64,64,64,64,64,64,64,64,64
4,53,21,45,52,4,29,61,54,3,55,44,60,22,37,39,41,25,26,27,28,51,30,31,57,34,35,36,1,38,7,40,10,42,43,12,9,46,47,48,49,50,19,11,23,15,17,56,18,58,59,33,20,62,63,64,64,64,64,64,64,64,64,64,64
5,0,0,0,0,0,0,0,0,0,0,0,0,0,0,0,0,0,0,0,0,0,0,0,0,0,0,0,0,0,0,0,0,0,0,0,0,0,0,0,0,0,0,0,0,0,0,0,0,0,0,0,0,0,0,0,0,0,0,0,0,0,0,0,0
6,0,0,0,0,0,0,0,0,0,0,0,0,0,0,0,0,0,0,0,0,0,0,0,0,0,0,0,0,0,0,0,0,0,0,0,0,0,0,0,0,0,0,0,0,0,0,0,0,0,0,0,0,0,0,0,0,0,0,0,0,0,0,0,0
7,7,9,15,18,10,19,11,23,26,28,30,33,20,21,22,41,25,45,27,49,29,53,31,57,34,35,36,37,38,39,40,1,42,43,44,3,46,47,48,4,50,51,52,12,54,55,56,17,58,59,60,61,62,63,64,64,64,64,64,64,64,64,64,64
8,0,0,0,0,0,0,0,0,0,0,0,0,0,0,0,0,0,0,0,0,0,0,0,0,0,0,0,0,0,0,0,0,0,0,0,0,0,0,0,0,0,0,0,0,0,0,0,0,0,0,0,0,0,0,0,0,0,0,0,0,0,0,0,0
9,0,0,0,0,0,0,0,0,0,0,0,0,0,0,0,0,0,0,0,0,0,0,0,0,0,0,0,0,0,0,0,0,0,0,0,0,0,0,0,0,0,0,0,0,0,0,0,0,0,0,0,0,0,0,0,0,0,0,0,0,0,0,0,0
10,10,48,40,56,18,47,1,9,15,28,30,33,20,21,22,41,25,26,27,49,29,53,31,57,34,35,36,37,38,39,3,7,42,43,44,45,46,4,12,17,50,51,52,19,54,55,11,23,58,59,60,61,62,63,64,64,64,64,64,64,64,64,64,64
11,42,60,11,50,52,43,34,59,35,41,61,51,53,33,10,27,49,58,12,4,29,30,31,3,19,62,63,7,38,39,40,9,20,21,44,45,46,23,48,15,17,18,57,36,54,55,56,37,22,1,25,26,47,28,64,64,64,64,64,64,64,64,64,64
12,25,12,39,26,38,17,4,34,11,31,37,40,20,1,22,41,43,45,27,49,29,30,55,57,59,35,36,3,10,7,9,19,42,21,44,23,46,47,48,15,50,51,52,53,54,28,56,18,58,33,60,61,62,63,64,64,64,64,64,64,64,64,64,64
14,0,0,0,0,0,0,0,0,0,0,0,0,0,0,0,0,0,0,0,0,0,0,0,0,0,0,0,0,0,0,0,0,0,0,0,0,0,0,0,0,0,0,0,0,0,0,0,0,0,0,0,0,0,0,0,0,0,0,0,0,0,0,0,0
15,51,15,49,50,52,43,41,59,23,7,57,22,42,60,39,1,44,45,27,28,29,30,31,33,34,35,36,37,38,3,40,4,12,9,10,11,46,47,48,25,26,17,18,53,54,55,56,19,58,20,21,61,62,63,64,64,64,64,64,64,64,64,64,64
17,27,17,35,26,28,19,36,34,18,25,42,20,9,21,22,23,43,45,47,50,51,53,31,57,59,62,63,37,38,39,40,41,1,3,44,4,46,7,48,29,10,11,52,12,54,55,56,15,58,49,60,30,33,61,64,64,64,64,64,64,64,64,64,64
18,18,26,17,27,19,42,45,10,15,28,30,33,35,21,22,23,25,46,47,49,29,53,31,57,34,61,36,37,38,39,40,41,1,43,44,3,4,7,48,9,50,51,52,20,54,55,56,11,58,59,60,12,62,63,64,64,64,64,64,64,64,64,64,64
19,37,45,19,36,29,38,44,28,27,39,22,53,30,46,12,41,25,26,47,49,51,54,31,57,34,35,63,1,3,4,7,9,42,43,10,11,23,15,48,17,50,18,52,33,20,55,56,21,58,59,60,61,62,40,64,64,64,64,64,64,64,64,64,64
20,20,12,28,22,15,10,11,23,26,17,18,19,35,21,39,41,25,45,27,49,29,30,31,33,34,61,36,37,38,1,40,3,42,43,44,4,46,47,48,7,50,51,52,53,54,55,56,57,58,59,60,9,62,63,64,64,64,64,64,64,64,64,64,64
21,53,21,45,52,4,29,61,54,3,55,44,60,22,37,39,41,25,26,27,28,51,30,31,57,34,35,36,1,38,7,40,10,42,43,12,9,46,47,48,49,50,19,11,23,15,17,56,18,58,59,33,20,62,63,64,64,64,64,64,64,64,64,64,64
22,64,22,38,30,37,15,46,23,21,29,39,56,45,1,40,41,25,3,27,28,51,53,31,33,34,35,36,4,7,9,10,11,42,43,44,12,26,47,48,49,50,17,52,18,54,55,19,57,58,59,60,61,62,63,20,20,20,20,20,20,20,20,20,20
23,61,23,60,53,22,15,45,12,26,17,18,19,20,21,39,41,25,46,27,28,29,30,31,33,34,35,36,37,38,1,40,3,42,43,44,4,7,47,48,49,50,51,52,9,54,55,56,57,58,59,10,11,62,63,64,64,64,64,64,64,64,64,64,64
24,0,0,0,0,0,0,0,0,0,0,0,0,0,0,0,0,0,0,0,0,0,0,0,0,0,0,0,0,0,0,0,0,0,0,0,0,0,0,0,0,0,0,0,0,0,0,0,0,0,0,0,0,0,0,0,0,0,0,0,0,0,0,0,0
25,25,12,39,26,38,17,34,4,40,31,11,37,36,1,23,42,44,46,28,29,30,54,33,58,60,62,64,3,20,7,41,10,43,21,45,22,47,48,49,50,51,52,53,15,55,56,57,27,59,18,61,19,63,35,35,35,35,35,35,35,35,35,35,35
26,26,1,34,27,25,18,53,33,9,35,30,19,20,21,22,41,43,45,47,49,29,54,31,57,59,61,36,37,38,39,40,3,42,7,44,4,46,12,48,17,50,51,52,10,11,55,56,23,58,15,60,28,62,63,64,64,64,64,64,64,64,64,64,64
27,27,17,35,26,28,19,36,34,18,25,42,20,9,21,22,23,43,45,47,50,51,53,31,57,59,62,63,37,38,39,40,41,1,3,44,4,46,7,48,29,10,11,52,12,54,55,56,15,58,49,60,30,33,61,64,64,64,64,64,64,64,64,64,64
28,28,29,36,27,37,21,12,35,26,17,18,19,20,38,22,41,25,45,47,49,51,30,31,33,34,61,63,1,3,39,40,4,42,43,44,7,46,9,48,10,50,11,52,53,54,55,56,57,58,59,60,23,62,15,64,64,64,64,64,64,64,64,64,64
29,29,30,37,28,38,22,21,31,23,45,15,39,36,1,40,41,25,46,27,49,51,53,55,33,34,35,63,3,4,7,9,10,42,43,44,11,12,47,48,26,50,17,52,18,54,19,56,57,58,59,60,61,62,20,64,64,64,64,64,64,64,64,64,64
30,29,30,37,28,38,22,21,31,23,45,15,39,36,1,40,41,25,46,27,49,51,53,55,33,34,35,63,3,4,7,9,10,42,43,44,11,12,47,48,26,50,17,52,18,54,19,56,57,58,59,60,61,62,20,64,64,64,64,64,64,64,64,64,64
31,29,30,37,28,38,22,21,31,23,45,15,39,36,1,40,41,25,46,27,49,51,53,55,33,34,35,63,3,4,7,9,10,42,43,44,11,12,47,48,26,50,17,52,18,54,19,56,57,58,59,60,61,62,20,64,64,64,64,64,64,64,64,64,64
33,43,44,33,36,45,35,51,52,42,56,34,50,41,25,37,53,27,26,59,28,29,30,31,57,60,61,63,3,38,39,40,4,7,9,10,11,12,15,48,49,17,18,19,20,54,55,21,22,58,23,1,46,62,47,64,64,64,64,64,64,64,64,64,64
34,34,57,35,62,42,26,33,49,41,54,55,43,25,58,61,17,44,45,27,50,29,30,31,1,59,3,36,37,38,39,40,4,7,9,10,11,46,47,48,12,15,51,52,53,28,18,56,19,20,21,60,22,23,63,64,64,64,64,64,64,64,64,64,64
35,35,47,36,27,34,43,46,42,26,9,55,37,44,48,22,23,25,45,1,49,29,30,31,33,59,61,63,3,38,39,40,41,4,7,17,10,11,12,15,28,50,51,52,53,54,18,56,57,58,19,60,20,62,21,64,64,64,64,64,64,64,64,64,64
36,36,35,44,37,63,28,29,45,62,17,18,19,20,21,22,23,25,26,27,49,51,30,31,33,34,61,64,1,38,39,40,41,42,43,3,4,46,47,48,7,50,9,52,53,54,55,56,57,58,59,60,10,11,12,15,15,15,15,15,15,15,15,15,15
37,37,45,19,36,29,38,44,28,27,39,22,53,30,46,12,41,25,26,47,49,51,54,31,57,34,35,63,1,3,4,7,9,42,43,10,11,23,15,48,17,50,18,52,33,20,55,56,21,58,59,60,61,62,40,64,64,64,64,64,64,64,64,64,64
38,64,22,38,30,37,15,46,23,21,29,39,56,45,1,40,41,25,3,27,28,51,53,31,33,34,35,36,4,7,9,10,11,42,43,44,12,26,47,48,49,50,17,52,18,54,55,19,57,58,59,60,61,62,63,20,20,20,20,20,20,20,20,20,20
39,25,12,39,26,38,17,4,34,11,31,37,40,20,1,22,41,43,45,27,49,29,30,55,57,59,35,36,3,10,7,9,19,42,21,44,23,46,47,48,15,50,51,52,53,54,28,56,18,58,33,60,61,62,63,64,64,64,64,64,64,64,64,64,64
40,10,48,40,18,56,1,47,25,17,29,31,20,21,22,23,42,26,27,28,50,30,54,33,34,35,36,37,38,39,3,41,7,43,44,45,46,4,15,49,19,51,52,53,11,55,12,57,58,59,60,61,62,63,64,64,64,64,64,64,64,64,64,64,64
41,41,54,42,49,33,53,50,43,34,18,19,20,21,22,23,25,26,27,28,29,30,31,56,58,35,36,37,38,39,40,1,3,4,44,45,46,47,48,7,10,51,52,11,12,55,15,57,17,59,60,61,62,63,64,64,64,64,64,64,64,64,64,64,64
42,42,60,11,50,52,43,34,59,35,41,61,51,53,33,10,27,49,58,12,4,29,30,31,3,19,62,63,7,38,39,40,9,20,21,44,45,46,23,48,15,17,18,57,36,54,55,56,37,22,1,25,26,47,28,64,64,64,64,64,64,64,64,64,64
43,43,44,33,36,45,35,51,52,42,56,34,50,41,25,37,53,27,26,59,28,29,30,31,57,60,61,63,3,38,39,40,4,7,9,10,11,12,15,48,49,17,18,19,20,54,55,21,22,58,23,1,46,62,47,64,64,64,64,64,64,64,64,64,64
44,43,44,33,36,45,35,51,52,42,56,34,50,41,25,37,53,27,26,59,28,29,30,31,57,60,61,63,3,38,39,40,4,7,9,10,11,12,15,48,49,17,18,19,20,54,55,21,22,58,23,1,46,62,47,64,64,64,64,64,64,64,64,64,64
45,45,44,37,53,46,52,38,43,29,36,18,19,20,21,22,23,25,26,27,28,51,30,31,33,34,35,63,1,3,39,40,41,42,4,7,9,10,47,48,49,50,11,12,15,54,55,56,57,58,59,60,61,62,17,64,64,64,64,64,64,64,64,64,64
46,46,58,45,50,59,51,57,47,38,44,53,54,20,21,22,23,25,26,27,28,29,30,31,33,34,35,36,37,1,39,40,41,42,43,3,4,7,9,48,49,10,11,52,12,15,55,56,17,18,19,60,61,62,63,64,64,64,64,64,64,64,64,64,64
47,35,47,36,27,34,43,46,42,26,9,55,37,44,48,22,23,25,45,1,49,29,30,31,33,59,61,63,3,38,39,40,41,4,7,17,10,11,12,15,28,50,51,52,53,54,18,56,57,58,19,60,20,62,21,64,64,64,64,64,64,64,64,64,64
48,10,48,40,56,18,47,1,9,15,28,30,33,20,21,22,41,25,26,27,49,29,53,31,57,34,35,36,37,38,39,3,7,42,43,44,45,46,4,12,17,50,51,52,19,54,55,11,23,58,59,60,61,62,63,64,64,64,64,64,64,64,64,64,64
49,51,15,49,50,52,43,41,59,23,7,57,22,42,60,39,1,44,45,27,28,29,30,31,33,34,35,36,37,38,3,40,4,12,9,10,11,46,47,48,25,26,17,18,53,54,55,56,19,58,20,21,61,62,63,64,64,64,64,64,64,64,64,64,64
50,50,3,42,58,51,49,57,43,59,41,11,52,20,37,22,1,25,26,27,28,29,30,31,33,34,35,36,7,38,39,40,4,12,9,44,45,46,47,48,10,21,23,15,53,54,55,56,17,18,19,60,61,62,63,64,64,64,64,64,64,64,64,64,64
51,51,15,49,50,52,43,41,59,23,7,57,22,42,60,39,1,44,45,27,28,29,30,31,33,34,35,36,37,38,3,40,4,12,9,10,11,46,47,48,25,26,17,18,53,54,55,56,19,58,20,21,61,62,63,64,64,64,64,64,64,64,64,64,64
52,52,53,51,44,60,59,45,43,50,29,46,61,20,21,22,23,25,26,27,28,1,30,31,33,34,35,36,37,38,39,40,41,42,3,4,7,9,47,48,49,10,11,12,15,54,55,56,57,58,17,18,19,62,63,64,64,64,64,64,64,64,64,64,64
53,53,21,45,52,4,29,61,54,3,55,44,60,22,37,39,41,25,26,27,28,51,30,31,57,34,35,36,1,38,7,40,10,42,43,12,9,46,47,48,49,50,19,11,23,15,17,56,18,58,59,33,20,62,63,64,64,64,64,64,64,64,64,64,64
54,41,54,42,49,33,53,50,43,34,17,18,19,20,21,22,23,25,26,27,28,29,30,31,57,59,35,36,37,38,39,40,1,3,4,44,45,46,47,48,7,9,51,52,10,11,55,56,12,58,15,60,61,62,63,64,64,64,64,64,64,64,64,64,64
55,55,47,4,7,9,10,11,12,15,17,18,19,20,21,22,23,25,26,27,28,29,30,31,33,34,35,36,37,38,39,40,41,42,43,44,45,46,1,48,49,50,51,52,53,54,3,56,57,58,59,60,61,62,63,64,64,64,64,64,64,64,64,64,64
56,43,44,33,36,45,35,51,52,42,56,34,50,41,25,37,27,53,59,26,29,30,31,57,58,60,62,64,38,39,40,4,7,10,11,12,15,47,48,49,17,18,19,20,54,55,21,22,23,1,3,61,46,63,28,28,28,28,28,28,28,28,28,28,28
57,34,57,35,62,42,26,33,49,41,54,55,43,25,58,61,17,44,45,27,50,29,30,31,1,59,3,36,37,38,39,40,4,7,9,10,11,46,47,48,12,15,51,52,53,28,18,56,19,20,21,60,22,23,63,64,64,64,64,64,64,64,64,64,64
58,46,58,45,50,59,51,57,47,38,44,53,54,20,21,22,23,25,26,27,28,29,30,31,33,34,35,36,37,1,39,40,41,42,43,3,4,7,9,48,49,10,11,52,12,15,55,56,17,18,19,60,61,62,63,64,64,64,64,64,64,64,64,64,64
59,59,51,60,58,61,10,11,12,15,17,18,19,20,21,22,23,25,26,27,28,29,30,31,33,34,35,36,37,38,39,40,41,42,43,44,45,46,47,48,49,50,1,52,53,54,55,56,57,3,4,7,9,62,63,64,64,64,64,64,64,64,64,64,64
60,42,60,11,50,52,43,34,59,35,41,61,51,53,33,10,27,49,58,12,4,29,30,31,3,19,62,63,7,38,39,40,9,20,21,44,45,46,23,48,15,17,18,57,36,54,55,56,37,22,1,25,26,47,28,64,64,64,64,64,64,64,64,64,64
61,61,23,60,53,22,15,45,12,26,17,18,19,20,21,39,41,25,46,27,28,29,30,31,33,34,35,36,37,38,1,40,3,42,43,44,4,7,47,48,49,50,51,52,9,54,55,56,57,58,59,10,11,62,63,64,64,64,64,64,64,64,64,64,64
62,34,57,35,62,42,26,33,49,41,54,55,43,25,58,61,17,44,45,27,50,29,30,31,1,59,3,36,37,38,39,40,4,7,9,10,11,46,47,48,12,15,51,52,53,28,18,56,19,20,21,60,22,23,63,64,64,64,64,64,64,64,64,64,64
63,36,35,44,37,63,28,29,45,62,17,18,19,20,21,22,23,25,26,27,49,51,30,31,33,34,61,64,1,38,39,40,41,42,43,3,4,46,47,48,7,50,9,52,53,54,55,56,57,58,59,60,10,11,12,15,15,15,15,15,15,15,15,15,15
64,64,22,38,30,37,15,46,23,21,29,39,56,45,1,40,41,25,3,27,28,51,53,31,33,34,35,36,4,7,9,10,11,42,43,44,12,26,47,48,49,50,17,52,18,54,55,19,57,58,59,60,61,62,63,20,20,20,20,20,20,20,20,20,20
