1,0,0,0,0,0,0,0,0,0,0,0,0,0,0,0,0,0,0,0,0,0,0,0,0,0,0,0,0,0,0,0,0,0,0,0,0,0,0,0,0,0,0,0,0,0,0,0,0,0,0,0,0,0,0,0,0,0,0,0,0,0,0,0,0
2,2,10,6,12,9,19,11,23,15,17,18,31,20,21,22,40,24,25,26,27,28,29,30,57,33,34,35,36,37,38,39,4,41,42,43,44,45,46,47,48,49,50,51,52,53,54,56,7,58,59,60,61,62,63,64,64,64,64,64,64,64,64,64,64
3,0,0,0,0,0,0,0,0,0,0,0,0,0,0,0,0,0,0,0,0,0,0,0,0,0,0,0,0,0,0,0,0,0,0,0,0,0,0,0,0,0,0,0,0,0,0,0,0,0,0,0,0,0,0,0,0,0,0,0,0,0,0,0,0
4,19,4,18,12,28,10,11,22,24,15,17,30,33,20,21,39,23,43,25,26,27,51,29,55,31,59,34,35,36,37,38,2,40,41,42,7,44,45,46,47,48,49,50,6,52,53,54,13,56,57,58,9,60,61,62,63,64,64,64,64,64,64,64,64
5,0,0,0,0,0,0,0,0,0,0,0,0,0,0,0,0,0,0,0,0,0,0,0,0,0,0,0,0,0,0,0,0,0,0,0,0,0,0,0,0,0,0,0,0,0,0,0,0,0,0,0,0,0,0,0,0,0,0,0,0,0,0,0,0
6,6,4,10,7,9,18,11,12,13,15,17,30,19,20,21,22,23,24,25,26,27,28,29,55,31,33,34,35,36,37,38,39,40,41,42,43,44,45,46,47,48,49,50,51,52,53,54,2,56,57,58,59,60,61,62,63,64,64,64,64,64,64,64,64
7,7,9,15,18,17,10,11,22,13,26,28,30,19,20,21,39,23,24,25,47,27,51,29,55,31,33,34,35,36,37,38,2,40,41,42,43,44,45,46,4,48,49,50,6,52,53,54,12,56,57,58,59,60,61,62,63,64,64,64,64,64,64,64,64
8,0,0,0,0,0,0,0,0,0,0,0,0,0,0,0,0,0,0,0,0,0,0,0,0,0,0,0,0,0,0,0,0,0,0,0,0,0,0,0,0,0,0,0,0,0,0,0,0,0,0,0,0,0,0,0,0,0,0,0,0,0,0,0,0
9,7,9,15,18,17,10,11,22,13,26,28,30,19,20,21,39,23,24,25,47,27,51,29,55,31,33,34,35,36,37,38,2,40,41,42,43,44,45,46,4,48,49,50,6,52,53,54,12,56,57,58,59,60,61,62,63,64,64,64,64,64,64,64,64
10,46,10,38,45,47,39,37,18,11,56,30,22,2,35,21,40,41,24,25,26,27,28,29,55,57,59,34,63,36,4,7,6,12,9,42,43,44,19,20,23,48,49,50,51,52,53,54,13,15,17,58,31,60,61,62,33,64,64,64,64,64,64,64,64
11,26,58,11,40,27,50,59,33,34,25,57,51,43,42,18,64,23,24,45,47,49,28,29,55,31,60,61,63,36,37,38,39,2,41,4,6,44,7,46,9,48,10,20,12,52,53,54,13,56,15,17,30,19,35,62,21,22,22,22,22,22,22,22,22
12,37,12,29,36,45,20,22,53,38,28,44,15,59,19,50,39,41,24,25,47,27,51,54,30,31,60,34,63,2,4,6,7,40,9,42,43,10,11,46,23,48,49,13,26,52,17,18,55,56,57,58,33,35,61,62,21,64,64,64,64,64,64,64,64
13,60,18,13,10,52,59,51,61,12,26,27,45,37,53,34,39,23,43,25,47,49,28,29,55,31,2,62,35,36,4,38,6,40,41,42,7,44,9,46,19,48,11,50,22,24,15,54,17,56,57,58,30,33,20,21,63,64,64,64,64,64,64,64,64
14,0,0,0,0,0,0,0,0,0,0,0,0,0,0,0,0,0,0,0,0,0,0,0,0,0,0,0,0,0,0,0,0,0,0,0,0,0,0,0,0,0,0,0,0,0,0,0,0,0,0,0,0,0,0,0,0,0,0,0,0,0,0,0,0
15,15,23,25,22,7,26,30,31,13,27,17,18,19,20,21,40,41,24,45,47,49,28,29,55,57,33,34,35,36,37,38,2,4,6,42,43,44,12,46,9,48,10,50,51,52,53,54,11,56,39,58,59,60,61,62,63,64,64,64,64,64,64,64,64
16,0,0,0,0,0,0,0,0,0,0,0,0,0,0,0,0,0,0,0,0,0,0,0,0,0,0,0,0,0,0,0,0,0,0,0,0,0,0,0,0,0,0,0,0,0,0,0,0,0,0,0,0,0,0,0,0,0,0,0,0,0,0,0,0
17,17,18,33,7,9,10,11,12,13,15,28,30,19,20,21,22,23,24,25,26,27,51,29,55,31,59,34,35,36,37,38,39,40,41,42,43,44,45,46,47,48,49,50,2,52,53,54,4,56,57,58,6,60,61,62,63,64,64,64,64,64,64,64,64
18,60,18,13,10,52,59,51,61,12,26,27,45,37,53,34,39,23,43,25,47,49,28,29,55,31,2,62,35,36,4,38,6,40,41,42,7,44,9,46,19,48,11,50,22,24,15,54,17,56,57,58,30,33,20,21,63,64,64,64,64,64,64,64,64
19,19,4,18,12,28,10,11,22,24,15,17,30,33,20,21,39,23,43,25,26,27,51,29,55,31,59,34,35,36,37,38,2,40,41,42,7,44,45,46,47,48,49,50,6,52,53,54,13,56,57,58,9,60,61,62,63,64,64,64,64,64,64,64,64
20,36,20,62,44,35,37,28,54,27,12,29,43,30,21,52,45,23,24,25,26,49,51,53,55,31,33,34,64,2,4,6,7,40,41,42,9,10,11,46,47,48,22,50,13,15,17,18,19,56,57,58,59,60,61,63,38,39,39,39,39,39,39,39,39
21,59,21,51,60,58,52,20,12,45,29,30,18,19,35,37,39,23,24,25,26,27,28,53,55,31,33,34,63,36,2,38,4,40,41,42,43,44,6,46,47,48,49,50,7,9,10,54,11,56,57,22,13,15,61,62,17,64,64,64,64,64,64,64,64
22,22,24,30,21,15,23,10,12,13,26,17,31,19,20,37,39,41,43,25,47,27,28,29,55,57,33,34,35,36,2,38,4,40,6,42,7,44,45,46,9,48,49,50,51,52,53,54,18,56,11,58,59,60,61,62,63,64,64,64,64,64,64,64,64
23,15,23,25,22,7,26,30,31,13,27,17,18,19,20,21,40,41,24,45,47,49,28,29,55,57,33,34,35,36,37,38,2,4,6,42,43,44,12,46,9,48,10,50,51,52,53,54,11,56,39,58,59,60,61,62,63,64,64,64,64,64,64,64,64
24,22,24,30,21,15,23,10,12,13,26,17,31,19,20,37,39,41,43,25,47,27,28,29,55,57,33,34,35,36,2,38,4,40,6,42,7,44,45,46,9,48,49,50,51,52,53,54,18,56,11,58,59,60,61,62,63,64,64,64,64,64,64,64,64
25,15,23,25,22,7,26,30,31,13,27,17,18,19,20,21,40,41,24,45,47,49,28,29,55,57,33,34,35,36,37,38,2,4,6,42,43,44,12,46,9,48,10,50,51,52,53,54,11,56,39,58,59,60,61,62,63,64,64,64,64,64,64,64,64
26,26,58,11,40,27,50,59,33,34,25,57,51,43,42,18,64,23,24,45,47,49,28,29,55,31,60,61,63,36,37,38,39,2,41,4,6,44,7,46,9,48,10,20,12,52,53,54,13,56,15,17,30,19,35,62,21,22,22,22,22,22,22,22,22
27,27,28,26,20,29,35,19,34,37,17,42,36,33,63,21,22,23,24,25,47,49,52,53,30,31,59,61,64,2,4,38,39,40,41,6,43,44,45,46,7,48,9,50,10,11,12,54,55,56,57,58,13,60,15,62,51,18,18,18,18,18,18,18,18
28,27,28,26,20,29,35,19,34,37,17,42,36,33,63,21,22,23,24,25,47,49,52,53,30,31,59,61,64,2,4,38,39,40,41,6,43,44,45,46,7,48,9,50,10,11,12,54,55,56,57,58,13,60,15,62,51,18,18,18,18,18,18,18,18
29,44,29,36,52,45,37,43,30,22,28,38,53,23,60,35,39,41,24,25,26,27,51,54,55,31,33,34,63,2,4,6,7,40,9,42,10,11,12,46,47,48,49,50,13,15,17,18,19,56,57,58,59,20,61,62,21,64,64,64,64,64,64,64,64
30,42,30,54,41,50,43,34,29,62,23,53,36,35,51,38,22,44,58,45,27,37,28,4,55,31,33,61,63,6,7,9,10,40,11,12,13,15,17,46,47,48,18,19,20,52,21,39,2,56,57,24,59,60,25,26,49,64,64,64,64,64,64,64,64
31,31,30,6,7,9,10,11,12,13,15,17,18,19,20,21,22,23,24,25,26,27,28,29,55,57,33,34,35,36,37,38,39,40,41,42,43,44,45,46,47,48,49,50,51,52,53,54,2,56,4,58,59,60,61,62,63,64,64,64,64,64,64,64,64
33,45,35,41,33,36,44,42,37,46,34,53,27,50,52,49,43,28,26,25,30,38,61,60,55,31,59,62,63,6,7,9,39,40,10,11,12,13,15,17,18,48,19,20,21,22,23,54,24,56,57,58,2,47,4,51,29,64,64,64,64,64,64,64,64
34,34,61,42,63,64,26,53,35,33,27,25,41,60,36,55,59,50,24,45,47,49,28,29,30,31,2,62,4,6,37,38,39,40,7,9,43,44,10,46,11,48,12,13,51,52,15,54,17,56,57,58,18,19,20,21,22,23,23,23,23,23,23,23,23
35,45,35,41,33,36,44,42,37,46,34,53,27,50,52,49,43,28,26,25,30,38,61,60,55,31,59,62,63,6,7,9,39,40,10,11,12,13,15,17,18,48,19,20,21,22,23,54,24,56,57,58,2,47,4,51,29,64,64,64,64,64,64,64,64
36,36,20,62,44,35,37,28,54,27,12,29,43,30,21,52,45,23,24,25,26,49,51,53,55,31,33,34,64,2,4,6,7,40,41,42,9,10,11,46,47,48,22,50,13,15,17,18,19,56,57,58,59,60,61,63,38,39,39,39,39,39,39,39,39
37,37,12,29,36,45,20,38,53,22,28,44,15,19,59,50,41,24,46,26,27,51,54,30,58,33,62,35,2,4,6,7,9,42,43,10,11,23,47,48,49,25,17,52,18,31,56,57,34,21,60,61,39,63,63,63,63,63,63,63,63,63,63,63,63
38,46,10,38,45,47,39,37,18,11,56,30,22,2,35,21,40,41,24,25,26,27,28,29,55,57,59,34,63,36,4,7,6,12,9,42,43,44,19,20,23,48,49,50,51,52,53,54,13,15,17,58,31,60,61,62,33,64,64,64,64,64,64,64,64
39,39,31,6,7,9,10,11,12,13,15,17,18,19,20,21,22,23,24,25,26,27,28,29,30,57,33,34,35,36,37,38,2,40,41,42,43,44,45,46,47,48,49,50,51,52,53,54,55,56,4,58,59,60,61,62,63,64,64,64,64,64,64,64,64
40,26,58,11,40,27,50,59,33,34,25,57,51,43,42,18,64,23,24,45,47,49,28,29,55,31,60,61,63,36,37,38,39,2,41,4,6,44,7,46,9,48,10,20,12,52,53,54,13,56,15,17,30,19,35,62,21,22,22,22,22,22,22,22,22
41,45,35,41,33,36,44,42,37,46,34,53,27,50,52,49,43,28,26,25,30,38,61,60,55,31,59,62,63,6,7,9,39,40,10,11,12,13,15,17,18,48,19,20,21,22,23,54,24,56,57,58,2,47,4,51,29,64,64,64,64,64,64,64,64
42,42,30,54,41,50,43,34,29,62,23,53,36,35,51,38,22,44,58,45,27,37,28,4,55,31,33,61,63,6,7,9,10,40,11,12,13,15,17,46,47,48,18,19,20,52,21,39,2,56,57,24,59,60,25,26,49,64,64,64,64,64,64,64,64
43,43,56,35,42,44,50,51,34,36,59,52,55,19,20,21,22,23,24,25,26,27,28,29,30,31,33,61,63,2,37,38,39,40,41,4,6,7,45,46,47,48,49,9,10,11,53,54,12,13,57,58,15,60,17,62,18,64,64,64,64,64,64,64,64
44,44,29,36,52,45,37,43,30,22,28,38,53,23,60,35,39,41,24,25,26,27,51,54,55,31,33,34,63,2,4,6,7,40,9,42,10,11,12,46,47,48,49,50,13,15,17,18,19,56,57,58,59,20,61,62,21,64,64,64,64,64,64,64,64
45,45,35,41,33,36,44,42,37,46,34,53,27,50,52,49,43,28,26,25,30,38,61,60,55,31,59,62,63,6,7,9,39,40,10,11,12,13,15,17,18,48,19,20,21,22,23,54,24,56,57,58,2,47,4,51,29,64,64,64,64,64,64,64,64
46,46,10,38,45,47,39,37,18,11,56,30,22,2,35,21,40,41,24,25,26,27,28,29,55,57,59,34,63,36,4,7,6,12,9,42,43,44,19,20,23,48,49,50,51,52,53,54,13,15,17,58,31,60,61,62,33,64,64,64,64,64,64,64,64
47,49,47,41,46,50,55,36,22,57,15,17,18,19,20,21,39,23,24,25,26,27,28,29,30,31,33,34,35,2,37,38,4,40,6,42,43,44,45,7,9,48,10,11,51,52,53,54,12,56,13,58,59,60,61,62,63,64,64,64,64,64,64,64,64
48,52,48,44,51,53,60,47,36,45,62,17,18,19,20,21,22,23,24,25,26,27,28,29,30,31,33,34,35,2,37,38,39,40,41,42,43,4,6,46,7,9,49,50,10,11,12,54,55,56,57,58,59,13,61,15,63,64,64,64,64,64,64,64,64
49,49,47,41,46,50,55,36,22,57,15,17,18,19,20,21,39,23,24,25,26,27,28,29,30,31,33,34,35,2,37,38,4,40,6,42,43,44,45,7,9,48,10,11,51,52,53,54,12,56,13,58,59,60,61,62,63,64,64,64,64,64,64,64,64
50,50,51,52,42,59,43,58,49,60,53,41,27,57,33,7,44,35,24,25,26,2,28,29,30,31,4,34,63,36,37,38,6,40,12,9,10,11,45,46,47,48,22,13,15,17,18,54,55,56,19,20,21,39,61,62,23,64,64,64,64,64,64,64,64
51,50,51,52,42,59,43,58,49,60,53,41,27,57,33,7,44,35,24,25,26,2,28,29,30,31,4,34,63,36,37,38,6,40,12,9,10,11,45,46,47,48,22,13,15,17,18,54,55,56,19,20,21,39,61,62,23,64,64,64,64,64,64,64,64
52,52,48,44,51,53,60,47,36,45,62,17,18,19,20,21,22,23,24,25,26,27,28,29,30,31,33,34,35,2,37,38,39,40,41,42,43,4,6,46,7,9,49,50,10,11,12,54,55,56,57,58,59,13,61,15,63,64,64,64,64,64,64,64,64
53,53,45,52,61,60,51,37,44,59,36,46,18,19,20,21,22,23,24,25,26,27,28,29,30,31,33,34,35,2,4,38,39,40,41,42,43,6,7,9,47,48,49,50,10,11,12,54,55,56,57,58,13,15,17,62,63,64,64,64,64,64,64,64,64
54,42,30,54,41,50,43,34,29,62,23,53,36,35,51,38,22,44,58,45,27,37,28,4,55,31,33,61,63,6,7,9,10,40,11,12,13,15,17,46,47,48,18,19,20,52,21,39,2,56,57,24,59,60,25,26,49,64,64,64,64,64,64,64,64
55,55,54,63,7,9,10,11,12,13,15,17,18,19,20,21,22,23,24,25,26,27,28,29,30,31,33,34,35,36,37,38,39,40,41,42,43,44,45,46,47,48,49,50,51,52,53,2,4,56,57,58,59,60,61,62,6,64,64,64,64,64,64,64,64
56,43,56,35,42,44,50,51,34,36,59,52,55,19,20,21,22,23,24,25,26,27,28,29,30,31,33,61,63,2,37,38,39,40,41,4,6,7,45,46,47,48,49,9,10,11,53,54,12,13,57,58,15,60,17,62,18,64,64,64,64,64,64,64,64
57,57,49,6,7,9,10,11,12,13,15,17,18,19,20,21,22,23,24,25,26,27,28,29,30,31,33,34,35,36,37,38,39,40,41,42,43,44,45,46,47,48,2,50,51,52,53,54,55,56,4,58,59,60,61,62,63,64,64,64,64,64,64,64,64
58,26,58,11,40,27,50,59,33,34,25,57,51,43,42,18,64,23,24,45,47,49,28,29,55,31,60,61,63,36,37,38,39,2,41,4,6,44,7,46,9,48,10,20,12,52,53,54,13,56,15,17,30,19,35,62,21,22,22,22,22,22,22,22,22
59,59,21,51,60,58,52,20,12,45,29,30,18,19,35,37,39,23,24,25,26,27,28,53,55,31,33,34,63,36,2,38,4,40,41,42,43,44,6,46,47,48,49,50,7,9,10,54,11,56,57,22,13,15,61,62,17,64,64,64,64,64,64,64,64
60,60,18,13,10,52,59,51,61,12,26,27,45,37,53,34,39,23,43,25,47,49,28,29,55,31,2,62,35,36,4,38,6,40,41,42,7,44,9,46,19,48,11,50,22,24,15,54,17,56,57,58,30,33,20,21,63,64,64,64,64,64,64,64,64
61,34,61,42,63,64,26,53,35,33,27,25,41,60,36,55,59,50,24,45,47,49,28,29,30,31,2,62,4,6,37,38,39,40,7,9,43,44,10,46,11,48,12,13,51,52,15,54,17,56,57,58,18,19,20,21,22,23,23,23,23,23,23,23,23
62,36,20,62,44,35,37,28,54,27,12,29,43,30,21,52,45,23,24,25,26,49,51,53,55,31,33,34,64,2,4,6,7,40,41,42,9,10,11,46,47,48,22,50,13,15,17,18,19,56,57,58,59,60,61,63,38,39,39,39,39,39,39,39,39
63,34,61,42,63,64,26,53,35,33,27,25,41,60,36,55,59,50,24,45,47,49,28,29,30,31,2,62,4,6,37,38,39,40,7,9,43,44,10,46,11,48,12,13,51,52,15,54,17,56,57,58,18,19,20,21,22,23,23,23,23,23,23,23,23
64,34,61,42,63,64,26,53,35,33,27,25,41,60,36,55,59,50,24,45,47,49,28,29,30,31,2,62,4,6,37,38,39,40,7,9,43,44,10,46,11,48,12,13,51,52,15,54,17,56,57,58,18,19,20,21,22,23,23,23,23,23,23,23,23
