2,2,41,9,34,6,7,8,19,21,11,12,15,16,17,18,37,20,42,22,23,24,26,27,28,29,30,31,33,63,35,36,3,38,39,40,5,4,43,44,45,46,47,48,49,50,51,52,53,54,55,56,57,58,59,60,61,62,10,64,64,64,64,64,64
3,3,5,4,9,6,7,8,19,10,11,12,15,16,17,18,37,20,21,22,23,24,26,27,28,29,30,31,33,34,35,36,2,38,39,40,41,42,43,44,45,46,47,48,49,50,51,52,53,54,55,56,57,58,59,60,61,62,63,64,64,64,64,64,64
4,53,49,4,52,45,57,60,61,54,36,37,41,62,17,18,19,20,21,22,23,24,26,27,2,29,30,31,33,34,35,3,7,38,39,40,5,42,43,44,6,46,47,48,15,50,51,8,9,10,55,56,11,58,59,12,28,16,63,64,64,64,64,64,64
5,5,3,4,9,6,7,8,19,10,11,12,15,16,17,18,37,20,21,22,23,24,26,27,28,29,30,31,33,34,35,36,2,38,39,40,41,42,43,44,45,46,47,48,49,50,51,52,53,54,55,56,57,58,59,60,61,62,63,64,64,64,64,64,64
6,37,21,36,6,29,45,53,28,38,30,12,15,16,17,18,19,20,41,22,46,24,26,27,54,55,57,31,33,34,35,2,3,4,39,40,5,42,43,44,11,7,47,48,49,50,51,52,8,9,10,56,23,58,59,60,61,62,63,64,64,64,64,64,64
7,7,8,4,5,6,15,17,9,10,11,12,28,16,33,18,19,20,21,22,23,24,26,27,53,29,30,31,61,34,35,36,37,38,39,40,41,42,43,44,45,46,47,48,49,50,51,52,2,54,55,56,57,58,59,60,3,62,63,64,64,64,64,64,64
8,10,8,9,5,6,7,17,19,21,11,12,15,16,33,18,37,20,41,22,23,24,26,27,28,29,30,31,61,34,35,36,2,38,39,40,3,42,43,44,45,46,47,48,49,50,51,52,53,54,55,56,57,58,59,60,4,62,63,64,64,64,64,64,64
9,10,8,9,5,6,7,17,19,21,11,12,15,16,33,18,37,20,41,22,23,24,26,27,28,29,30,31,61,34,35,36,2,38,39,40,3,42,43,44,45,46,47,48,49,50,51,52,53,54,55,56,57,58,59,60,4,62,63,64,64,64,64,64,64
10,10,8,9,5,6,7,17,19,21,11,12,15,16,33,18,37,20,41,22,23,24,26,27,28,29,30,31,61,34,35,36,2,38,39,40,3,42,43,44,45,46,47,48,49,50,51,52,53,54,55,56,57,58,59,60,4,62,63,64,64,64,64,64,64
11,47,39,11,23,48,15,30,24,55,46,12,28,16,17,18,19,20,21,22,2,3,26,27,53,29,57,31,33,34,35,36,37,38,4,40,41,42,43,44,5,6,7,8,49,50,51,52,9,54,10,56,45,58,59,60,61,62,63,64,64,64,64,64,64
12,59,27,41,12,51,35,50,42,49,19,52,60,18,26,43,58,44,20,34,23,24,3,4,28,29,30,31,33,63,5,6,7,38,8,40,9,10,11,2,45,46,47,48,15,16,17,36,53,54,55,56,57,37,39,21,61,62,22,64,64,64,64,64,64
13,0,0,0,0,0,0,0,0,0,0,0,0,0,0,0,0,0,0,0,0,0,0,0,0,0,0,0,0,0,0,0,0,0,0,0,0,0,0,0,0,0,0,0,0,0,0,0,0,0,0,0,0,0,0,0,0,0,0,0,0,0,0,0,0
14,0,0,0,0,0,0,0,0,0,0,0,0,0,0,0,0,0,0,0,0,0,0,0,0,0,0,0,0,0,0,0,0,0,0,0,0,0,0,0,0,0,0,0,0,0,0,0,0,0,0,0,0,0,0,0,0,0,0,0,0,0,0,0,0
15,50,48,15,42,49,22,47,51,43,41,38,46,7,58,59,19,20,21,44,23,24,26,27,53,29,57,31,33,34,35,36,37,2,39,40,3,4,5,6,45,16,8,9,10,11,12,52,28,54,55,56,30,17,18,60,61,62,63,64,64,64,64,64,64
16,26,24,16,34,18,23,35,9,10,11,12,15,30,17,36,19,20,21,22,45,47,49,27,28,29,57,31,33,63,2,3,37,38,39,40,41,42,43,44,4,46,5,48,6,50,51,52,53,54,55,56,7,58,59,60,61,62,8,64,64,64,64,64,64
17,17,3,4,5,6,7,8,9,10,11,12,15,16,33,18,19,20,21,22,23,24,26,27,28,29,30,31,61,34,35,36,37,38,39,40,41,42,43,44,45,46,47,48,49,50,51,52,53,54,55,56,57,58,59,60,2,62,63,64,64,64,64,64,64
18,36,18,44,35,37,22,10,43,11,26,27,28,15,17,34,19,20,41,3,45,24,49,51,53,55,30,31,61,63,4,5,6,38,39,40,7,42,8,9,21,46,47,48,23,50,12,52,29,54,16,56,57,58,59,60,33,62,2,64,64,64,64,64,64
19,61,19,18,10,53,60,35,34,21,11,12,15,16,17,36,37,20,41,22,23,24,26,27,28,29,30,31,33,63,2,3,4,38,39,40,5,42,43,44,45,46,47,48,49,50,51,52,6,54,55,56,57,58,59,7,8,62,9,64,64,64,64,64,64
20,20,63,12,27,7,4,21,9,10,11,26,28,16,33,18,19,39,41,22,23,24,49,51,53,29,30,31,61,34,35,36,37,38,2,40,3,42,43,44,45,46,47,48,8,50,5,52,6,54,55,56,57,58,59,60,15,62,17,64,64,64,64,64,64
21,37,21,36,6,29,45,53,28,38,30,12,15,16,17,18,19,20,41,22,46,24,26,27,54,55,57,31,33,34,35,2,3,4,39,40,5,42,43,44,11,7,47,48,49,50,51,52,8,9,10,56,23,58,59,60,61,62,63,64,64,64,64,64,64
22,60,22,52,59,23,15,29,30,58,51,53,61,16,17,18,19,20,21,43,45,24,26,27,54,55,57,31,33,34,35,36,37,38,39,40,41,42,2,44,3,46,47,48,49,50,4,5,6,7,8,56,9,10,11,12,28,62,63,64,64,64,64,64,64
23,47,39,11,23,48,15,30,24,55,46,12,28,16,17,18,19,20,21,22,2,3,26,27,53,29,57,31,33,34,35,36,37,38,4,40,41,42,43,44,5,6,7,8,49,50,51,52,9,54,10,56,45,58,59,60,61,62,63,64,64,64,64,64,64
24,26,24,16,34,18,23,35,9,10,11,12,15,30,17,36,19,20,21,22,45,47,49,27,28,29,57,31,33,63,2,3,37,38,39,40,41,42,43,44,4,46,5,48,6,50,51,52,53,54,55,56,7,58,59,60,61,62,8,64,64,64,64,64,64
25,0,0,0,0,0,0,0,0,0,0,0,0,0,0,0,0,0,0,0,0,0,0,0,0,0,0,0,0,0,0,0,0,0,0,0,0,0,0,0,0,0,0,0,0,0,0,0,0,0,0,0,0,0,0,0,0,0,0,0,0,0,0,0,0
26,26,24,16,34,18,23,35,9,10,11,12,15,30,17,36,19,20,21,22,45,47,49,27,28,29,57,31,33,63,2,3,37,38,39,40,41,42,43,44,4,46,5,48,6,50,51,52,53,54,55,56,7,58,59,60,61,62,8,64,64,64,64,64,64
27,59,27,41,12,51,35,50,42,49,19,52,60,18,26,43,58,44,20,34,23,24,3,4,28,29,30,31,33,63,5,6,7,38,8,40,9,10,11,2,45,46,47,48,15,16,17,36,53,54,55,56,57,37,39,21,61,62,22,64,64,64,64,64,64
28,30,29,28,37,22,36,27,21,20,45,38,15,16,17,18,19,39,41,43,23,24,26,51,53,55,57,31,33,34,35,2,3,4,5,40,6,42,7,44,8,46,47,48,49,50,9,52,10,54,11,56,12,58,59,60,61,62,63,64,64,64,64,64,64
29,30,29,28,37,22,36,27,21,20,45,38,15,16,17,18,19,39,41,43,23,24,26,51,53,55,57,31,33,34,35,2,3,4,5,40,6,42,7,44,8,46,47,48,49,50,9,52,10,54,11,56,12,58,59,60,61,62,63,64,64,64,64,64,64
30,30,29,28,37,22,36,27,21,20,45,38,15,16,17,18,19,39,41,43,23,24,26,51,53,55,57,31,33,34,35,2,3,4,5,40,6,42,7,44,8,46,47,48,49,50,9,52,10,54,11,56,12,58,59,60,61,62,63,64,64,64,64,64,64
31,42,43,55,35,50,31,34,44,59,51,41,58,36,33,30,19,20,21,22,23,24,26,27,28,29,57,60,61,63,2,3,37,38,39,40,4,5,6,7,45,46,47,48,49,8,9,52,53,54,10,56,11,12,15,16,17,62,18,64,64,64,64,64,64
33,33,44,42,34,6,7,8,9,10,11,12,15,16,17,18,19,20,21,22,23,24,26,27,28,29,30,31,61,63,35,36,37,38,39,40,41,2,43,3,45,46,47,48,49,50,51,52,53,54,55,56,57,58,59,60,4,62,5,64,64,64,64,64,64
34,34,46,45,33,47,35,43,26,38,42,18,50,16,17,36,19,20,21,22,23,24,49,27,28,29,30,31,61,63,2,3,37,4,39,40,41,5,6,44,7,8,9,48,10,11,51,52,53,54,55,56,57,58,59,60,12,62,15,64,64,64,64,64,64
35,35,62,36,27,43,34,42,64,28,41,12,15,16,17,18,19,20,21,22,23,24,26,51,53,29,30,31,33,63,2,3,37,38,39,40,4,5,6,44,45,46,47,48,49,50,7,52,8,54,55,56,57,58,59,60,61,9,10,11,11,11,11,11,11
36,36,18,44,35,37,22,10,43,11,26,27,28,15,17,34,19,20,41,3,45,24,49,51,53,55,30,31,61,63,4,5,6,38,39,40,7,42,8,9,21,46,47,48,23,50,12,52,29,54,16,56,57,58,59,60,33,62,2,64,64,64,64,64,64
37,37,21,36,6,29,45,53,28,38,30,12,15,16,17,18,19,20,41,22,46,24,26,27,54,55,57,31,33,34,35,2,3,4,39,40,5,42,43,44,11,7,47,48,49,50,51,52,8,9,10,56,23,58,59,60,61,62,63,64,64,64,64,64,64
38,38,37,4,5,6,7,8,9,10,11,12,15,16,17,18,19,20,21,22,23,24,26,27,28,29,30,31,33,34,35,36,2,3,39,40,41,42,43,44,45,46,47,48,49,50,51,52,53,54,55,56,57,58,59,60,61,62,63,64,64,64,64,64,64
39,47,39,11,23,48,15,30,24,55,46,12,28,16,17,18,19,20,21,22,2,3,26,27,53,29,57,31,33,34,35,36,37,38,4,40,41,42,43,44,5,6,7,8,49,50,51,52,9,54,10,56,45,58,59,60,61,62,63,64,64,64,64,64,64
40,40,47,4,5,6,7,8,9,10,11,12,15,16,17,18,19,20,21,22,23,24,26,27,28,29,30,31,33,34,35,36,37,38,39,2,41,42,43,44,45,46,3,48,49,50,51,52,53,54,55,56,57,58,59,60,61,62,63,64,64,64,64,64,64
41,59,27,41,12,51,35,50,42,49,19,52,60,18,26,43,58,44,20,34,23,24,3,4,28,29,30,31,33,63,5,6,7,38,8,40,9,10,11,2,45,46,47,48,15,16,17,36,53,54,55,56,57,37,39,21,61,62,22,64,64,64,64,64,64
42,42,43,55,35,50,31,34,44,59,51,41,58,36,33,30,19,20,21,22,23,24,26,27,28,29,57,60,61,63,2,3,37,38,39,40,4,5,6,7,45,46,47,48,49,8,9,52,53,54,10,56,11,12,15,16,17,62,18,64,64,64,64,64,64
43,42,43,55,35,50,31,34,44,59,51,41,58,36,33,30,19,20,21,22,23,24,26,27,28,29,57,60,61,63,2,3,37,38,39,40,4,5,6,7,45,46,47,48,49,8,9,52,53,54,10,56,11,12,15,16,17,62,18,64,64,64,64,64,64
44,44,57,43,36,52,45,53,35,46,49,51,58,16,17,18,19,20,21,22,23,24,26,27,28,29,30,31,33,34,2,3,37,38,39,40,41,42,4,5,6,7,47,48,8,50,9,10,11,54,55,56,12,15,59,60,61,62,63,64,64,64,64,64,64
45,45,37,46,44,53,35,43,47,52,36,54,15,16,17,18,19,20,21,22,23,24,26,27,28,29,30,31,33,34,2,3,4,38,39,40,41,42,5,6,7,8,9,48,49,50,51,10,11,12,55,56,57,58,59,60,61,62,63,64,64,64,64,64,64
46,34,46,45,33,47,35,43,26,38,42,18,50,16,17,36,19,20,21,22,23,24,49,27,28,29,30,31,61,63,2,3,37,4,39,40,41,5,6,44,7,8,9,48,10,11,51,52,53,54,55,56,57,58,59,60,12,62,15,64,64,64,64,64,64
47,47,39,11,23,48,15,30,24,55,46,12,28,16,17,18,19,20,21,22,2,3,26,27,53,29,57,31,33,34,35,36,37,38,4,40,41,42,43,44,5,6,7,8,49,50,51,52,9,54,10,56,45,58,59,60,61,62,63,64,64,64,64,64,64
48,50,48,15,42,49,22,47,51,43,41,38,46,7,58,59,19,20,21,44,23,24,26,27,53,29,57,31,33,34,35,36,37,2,39,40,3,4,5,6,45,16,8,9,10,11,12,52,28,54,55,56,30,17,18,60,61,62,63,64,64,64,64,64,64
49,53,49,4,52,45,57,60,61,54,36,37,41,62,17,18,19,20,21,22,23,24,26,27,2,29,30,31,33,34,35,3,7,38,39,40,5,42,43,44,6,46,47,48,15,50,51,8,9,10,55,56,11,58,59,12,28,16,63,64,64,64,64,64,64
50,50,48,15,42,49,22,47,51,43,41,38,46,7,58,59,19,20,21,44,23,24,26,27,53,29,57,31,33,34,35,36,37,2,39,40,3,4,5,6,45,16,8,9,10,11,12,52,28,54,55,56,30,17,18,60,61,62,63,64,64,64,64,64,64
51,52,51,59,50,44,60,53,42,58,36,19,15,16,17,18,37,20,21,22,23,24,26,27,28,29,30,31,33,34,35,2,3,38,39,40,41,4,43,5,45,46,47,48,49,6,7,8,9,54,55,56,57,10,11,12,61,62,63,64,64,64,64,64,64
52,52,51,59,50,44,60,53,42,58,36,19,15,16,17,18,37,20,21,22,23,24,26,27,28,29,30,31,33,34,35,2,3,38,39,40,41,4,43,5,45,46,47,48,49,6,7,8,9,54,55,56,57,10,11,12,61,62,63,64,64,64,64,64,64
53,53,49,4,52,45,57,60,61,54,36,37,41,62,17,18,19,20,21,22,23,24,26,27,2,29,30,31,33,34,35,3,7,38,39,40,5,42,43,44,6,46,47,48,15,50,51,8,9,10,55,56,11,58,59,12,28,16,63,64,64,64,64,64,64
54,54,53,4,5,6,7,8,9,10,11,12,15,16,17,18,19,20,21,22,23,24,26,27,28,29,30,31,33,34,35,36,37,38,39,40,41,42,43,44,45,46,47,48,49,50,51,52,2,3,55,56,57,58,59,60,61,62,63,64,64,64,64,64,64
55,42,43,55,35,50,31,34,44,59,51,41,58,36,33,30,19,20,21,22,23,24,26,27,28,29,57,60,61,63,2,3,37,38,39,40,4,5,6,7,45,46,47,48,49,8,9,52,53,54,10,56,11,12,15,16,17,62,18,64,64,64,64,64,64
56,56,3,4,5,6,7,8,9,10,11,12,15,16,17,18,19,20,21,22,23,24,26,27,28,29,30,31,33,34,35,36,37,38,39,40,41,42,43,44,45,46,47,48,49,50,51,52,53,54,55,2,57,58,59,60,61,62,63,64,64,64,64,64,64
57,44,57,43,36,52,45,53,35,46,49,51,58,16,17,18,19,20,21,22,23,24,26,27,28,29,30,31,33,34,2,3,37,38,39,40,41,42,4,5,6,7,47,48,8,50,9,10,11,54,55,56,12,15,59,60,61,62,63,64,64,64,64,64,64
58,58,50,59,44,6,7,8,9,10,11,12,15,16,17,18,19,20,21,22,23,24,26,27,28,29,30,31,33,34,35,36,37,38,39,40,41,42,43,2,45,46,47,48,49,3,51,52,53,54,55,56,57,4,5,60,61,62,63,64,64,64,64,64,64
59,59,27,41,12,51,35,50,42,49,19,52,60,18,26,43,58,44,20,34,23,24,3,4,28,29,30,31,33,63,5,6,7,38,8,40,9,10,11,2,45,46,47,48,15,16,17,36,53,54,55,56,57,37,39,21,61,62,22,64,64,64,64,64,64
60,60,22,52,59,23,15,29,30,58,51,53,61,16,17,18,19,20,21,43,45,24,26,27,54,55,57,31,33,34,35,36,37,38,39,40,41,42,2,44,3,46,47,48,49,50,4,5,6,7,8,56,9,10,11,12,28,62,63,64,64,64,64,64,64
61,61,19,18,10,53,60,35,34,21,11,12,15,16,17,36,37,20,41,22,23,24,26,27,28,29,30,31,33,63,2,3,4,38,39,40,5,42,43,44,45,46,47,48,49,50,51,52,6,54,55,56,57,58,59,7,8,62,9,64,64,64,64,64,64
62,35,62,36,27,43,34,42,64,28,41,12,15,16,17,18,19,20,21,22,23,24,26,51,53,29,30,31,33,63,2,3,37,38,39,40,4,5,6,44,45,46,47,48,49,50,7,52,8,54,55,56,57,58,59,60,61,9,10,11,11,11,11,11,11
63,20,63,12,27,7,4,21,9,10,11,26,28,16,33,18,19,39,41,22,23,24,49,51,53,29,30,31,61,34,35,36,37,38,2,40,3,42,43,44,45,46,47,48,8,50,5,52,6,54,55,56,57,58,59,60,15,62,17,64,64,64,64,64,64
64,35,62,36,27,43,34,42,64,28,41,12,15,16,17,18,19,20,21,22,23,24,26,51,53,29,30,31,33,63,2,3,37,38,39,40,4,5,6,44,45,46,47,48,49,50,7,52,8,54,55,56,57,58,59,60,61,9,10,11,11,11,11,11,11
