1,22,24,30,15,23,38,10,1,20,11,12,13,14,31,17,34,19,39,21,42,44,46,25,26,27,28,29,58,60,32,33,2,35,36,37,4,3,40,41,9,43,5,45,7,47,48,49,50,51,52,53,54,55,56,57,8,59,18,61,62,63,63,63,63
2,2,1,7,9,5,13,8,18,10,11,12,26,14,15,17,34,19,20,21,22,23,24,25,50,27,28,29,30,31,32,33,3,35,36,37,38,39,40,41,42,43,44,45,46,47,48,49,4,51,52,53,54,55,56,57,58,59,60,61,62,63,63,63,63
3,51,47,50,52,43,46,59,42,3,45,48,55,44,60,17,18,19,20,21,22,23,24,25,1,27,28,29,30,31,32,33,34,35,36,37,38,39,40,41,2,7,4,5,13,8,9,49,10,11,12,53,54,26,56,57,58,14,15,61,62,63,63,63,63
4,50,51,19,42,4,58,49,52,34,18,43,29,57,35,59,1,37,20,21,22,23,24,25,26,27,28,56,30,31,32,33,2,3,9,5,38,39,40,41,7,8,44,45,46,47,48,36,10,11,12,53,54,55,13,14,15,17,60,61,62,63,63,63,63
5,0,0,0,0,0,0,0,0,0,0,0,0,0,0,0,0,0,0,0,0,0,0,0,0,0,0,0,0,0,0,0,0,0,0,0,0,0,0,0,0,0,0,0,0,0,0,0,0,0,0,0,0,0,0,0,0,0,0,0,0,0,0,0,0
6,0,0,0,0,0,0,0,0,0,0,0,0,0,0,0,0,0,0,0,0,0,0,0,0,0,0,0,0,0,0,0,0,0,0,0,0,0,0,0,0,0,0,0,0,0,0,0,0,0,0,0,0,0,0,0,0,0,0,0,0,0,0,0,0
7,7,9,15,4,5,13,8,18,10,11,12,26,14,30,17,34,19,20,21,22,23,24,25,50,27,28,29,58,31,32,33,1,35,36,37,38,39,40,41,42,43,44,45,46,47,48,49,2,51,52,53,54,55,56,57,3,59,60,61,62,63,63,63,63
8,42,55,50,43,41,34,35,8,33,51,54,47,49,30,17,18,19,20,21,22,23,24,25,26,27,28,29,58,31,32,1,2,3,36,37,38,39,40,4,5,7,44,45,46,15,48,9,10,11,52,53,12,13,56,57,14,59,60,61,62,63,63,63,63
9,7,9,15,4,5,13,8,18,10,11,12,26,14,30,17,34,19,20,21,22,23,24,25,50,27,28,29,58,31,32,33,1,35,36,37,38,39,40,41,42,43,44,45,46,47,48,49,2,51,52,53,54,55,56,57,3,59,60,61,62,63,63,63,63
10,45,10,37,44,29,53,36,46,18,22,47,27,2,28,38,34,1,39,21,42,23,24,25,26,52,54,56,30,31,32,33,4,35,3,9,5,7,40,41,8,43,19,20,11,12,48,49,50,51,13,14,15,55,17,57,58,59,60,61,62,63,63,63,63
11,57,39,26,11,34,58,49,27,50,47,28,18,38,15,17,35,19,20,21,42,23,24,25,51,52,54,29,30,31,32,33,1,2,36,37,3,4,40,41,5,43,44,45,46,7,48,8,9,10,22,53,12,55,56,13,14,59,60,61,62,63,63,63,63
12,36,12,35,37,44,28,45,34,52,27,20,13,14,15,17,18,19,38,21,22,23,46,25,26,53,54,29,30,31,32,33,1,2,3,4,5,39,40,41,42,43,7,8,9,47,48,49,50,51,10,11,24,55,56,57,58,59,60,61,62,63,63,63,63
13,18,13,19,26,27,25,8,9,10,11,12,50,14,15,17,34,36,20,21,22,23,24,48,51,52,28,29,30,31,32,33,1,35,2,37,38,39,40,41,42,43,44,45,46,47,3,49,4,5,7,53,54,55,56,57,58,59,60,61,62,63,63,63,63
14,46,48,14,45,53,22,56,9,10,11,12,13,28,15,17,18,19,20,21,42,23,24,25,26,27,54,29,30,31,32,33,34,35,36,37,38,39,40,41,1,43,44,2,3,47,4,49,50,51,52,5,7,55,8,57,58,59,60,61,62,63,63,63,63
15,15,25,23,26,45,22,31,29,37,33,17,13,14,30,32,18,19,20,21,42,44,24,48,50,27,28,56,58,60,62,1,34,35,36,2,38,39,40,41,3,43,4,5,46,47,7,49,8,51,52,53,54,55,9,57,10,59,11,61,12,63,63,63,63
16,0,0,0,0,0,0,0,0,0,0,0,0,0,0,0,0,0,0,0,0,0,0,0,0,0,0,0,0,0,0,0,0,0,0,0,0,0,0,0,0,0,0,0,0,0,0,0,0,0,0,0,0,0,0,0,0,0,0,0,0,0,0,0,0
17,34,17,42,35,33,26,25,18,1,10,41,13,14,15,32,2,36,38,21,22,23,24,48,50,27,28,29,30,31,62,4,3,9,5,37,7,39,40,8,19,43,44,45,46,47,20,49,11,51,52,53,54,55,56,57,58,59,60,61,12,63,63,63,63
18,18,13,19,26,27,25,8,9,10,11,12,50,14,15,17,34,36,20,21,22,23,24,48,51,52,28,29,30,31,32,33,1,35,2,37,38,39,40,41,42,43,44,45,46,47,3,49,4,5,7,53,54,55,56,57,58,59,60,61,62,63,63,63,63
19,50,51,19,42,4,58,49,52,34,18,43,29,57,35,59,1,37,20,21,22,23,24,25,26,27,28,56,30,31,32,33,2,3,9,5,38,39,40,41,7,8,44,45,46,47,48,36,10,11,12,53,54,55,13,14,15,17,60,61,62,63,63,63,63
20,35,61,20,36,34,43,27,5,42,60,53,28,29,26,12,18,19,38,21,1,23,46,25,50,52,54,56,30,31,32,33,2,3,4,37,11,39,40,41,7,8,44,45,9,47,48,49,10,51,22,24,13,55,14,57,58,59,15,17,62,63,63,63,63
21,58,21,50,51,59,57,29,5,10,22,12,13,14,15,17,18,19,20,40,42,23,24,25,26,27,28,56,30,31,32,33,34,35,36,37,38,39,1,41,2,43,44,45,46,47,48,49,3,4,52,53,54,55,11,7,8,9,60,61,62,63,63,63,63
22,22,24,30,15,23,38,10,1,20,11,12,13,14,31,17,34,19,39,21,42,44,46,25,26,27,28,29,58,60,32,33,2,35,36,37,4,3,40,41,9,43,5,45,7,47,48,49,50,51,52,53,54,55,56,57,8,59,18,61,62,63,63,63,63
23,15,25,23,26,45,22,31,29,37,33,17,13,14,30,32,18,19,20,21,42,44,24,48,50,27,28,56,58,60,62,1,34,35,36,2,38,39,40,41,3,43,4,5,46,47,7,49,8,51,52,53,54,55,9,57,10,59,11,61,12,63,63,63,63
24,22,24,30,15,23,38,10,1,20,11,12,13,14,31,17,34,19,39,21,42,44,46,25,26,27,28,29,58,60,32,33,2,35,36,37,4,3,40,41,9,43,5,45,7,47,48,49,50,51,52,53,54,55,56,57,8,59,18,61,62,63,63,63,63
25,15,25,23,26,45,22,31,29,37,33,17,13,14,30,32,18,19,20,21,42,44,24,48,50,27,28,56,58,60,62,1,34,35,36,2,38,39,40,41,3,43,4,5,46,47,7,49,8,51,52,53,54,55,9,57,10,59,11,61,12,63,63,63,63
26,57,39,26,11,34,58,49,27,50,47,28,18,38,15,17,35,19,20,21,42,23,24,25,51,52,54,29,30,31,32,33,1,2,36,37,3,4,40,41,5,43,44,45,46,7,48,8,9,10,22,53,12,55,56,13,14,59,60,61,62,63,63,63,63
27,28,27,35,36,26,20,10,43,18,34,37,29,14,15,17,1,19,38,40,22,23,24,25,50,52,54,56,30,31,32,33,2,3,4,5,7,39,8,41,42,9,44,45,46,47,48,49,21,51,11,53,12,55,13,57,58,59,60,61,62,63,63,63,63
28,28,27,35,36,26,20,10,43,18,34,37,29,14,15,17,1,19,38,40,22,23,24,25,50,52,54,56,30,31,32,33,2,3,4,5,7,39,8,41,42,9,44,45,46,47,48,49,21,51,11,53,12,55,13,57,58,59,60,61,62,63,63,63,63
29,43,29,42,37,44,51,35,50,22,36,28,23,30,52,34,18,19,20,21,1,45,24,25,26,27,54,56,58,31,32,33,2,3,4,5,38,39,40,41,7,8,9,10,46,47,48,49,11,12,13,53,14,55,15,57,17,59,60,61,62,63,63,63,63
30,53,41,30,42,40,45,52,29,49,54,38,33,61,62,43,22,34,60,35,37,23,24,25,26,27,28,56,58,31,32,2,3,4,36,5,7,39,8,9,10,11,44,12,46,47,48,13,50,51,14,15,17,55,18,57,19,59,20,21,1,63,63,63,63
31,59,31,51,60,52,58,53,14,15,17,18,19,20,22,23,24,25,26,27,28,29,30,56,33,34,35,36,37,38,39,41,42,43,44,45,46,47,48,49,50,3,4,7,54,55,8,57,9,10,12,61,62,62,62,62,62,62,62,62,62,62,62,62,62
32,44,36,52,43,45,53,32,29,25,51,37,13,14,15,17,18,19,20,21,22,23,24,48,26,27,28,56,30,31,62,33,34,35,1,2,38,39,40,41,42,3,4,5,46,47,7,49,50,8,9,10,54,55,11,57,58,59,60,61,12,63,63,63,63
33,60,33,63,62,52,61,53,59,34,25,41,42,58,36,17,18,19,20,21,22,23,24,48,26,27,28,29,30,31,32,1,2,35,3,37,38,39,40,4,5,43,44,45,46,47,7,49,50,51,8,9,54,55,56,57,10,11,12,13,14,15,15,15,15
34,34,17,42,35,33,26,25,41,18,10,13,14,15,31,63,36,20,21,22,23,24,47,49,27,28,29,30,59,32,2,3,4,5,37,38,39,40,7,8,43,44,45,46,9,48,19,50,51,52,53,54,55,56,57,58,11,60,61,62,12,12,12,12,12
35,35,61,20,36,34,43,27,5,42,60,53,28,29,26,12,18,19,38,21,1,23,46,25,50,52,54,56,30,31,32,33,2,3,4,37,11,39,40,41,7,8,44,45,9,47,48,49,10,51,22,24,13,55,14,57,58,59,15,17,62,63,63,63,63
36,36,12,35,37,44,28,45,34,52,27,20,13,14,15,17,18,19,38,21,22,23,46,25,26,53,54,29,30,31,32,33,1,2,3,4,5,39,40,41,42,43,7,8,9,47,48,49,50,51,10,11,24,55,56,57,58,59,60,61,62,63,63,63,63
37,45,10,37,44,29,53,36,46,18,22,47,27,2,28,38,34,1,39,21,42,23,24,25,26,52,54,56,30,31,32,33,4,35,3,9,5,7,40,41,8,43,19,20,11,12,48,49,50,51,13,14,15,55,17,57,58,59,60,61,62,63,63,63,63
38,38,46,37,39,29,7,8,9,10,11,12,13,14,15,17,18,19,20,21,22,23,24,25,26,27,28,56,30,31,32,33,34,35,36,1,2,3,40,41,42,43,44,45,4,47,48,49,50,51,52,53,54,55,5,57,58,59,60,61,62,63,63,63,63
39,57,39,26,11,34,58,49,27,50,47,28,18,38,15,17,35,19,20,21,42,23,24,25,51,52,54,29,30,31,32,33,1,2,36,37,3,4,40,41,5,43,44,45,46,7,48,8,9,10,22,53,12,55,56,13,14,59,60,61,62,63,63,63,63
40,53,41,30,42,40,45,52,29,49,54,38,33,61,62,43,22,34,60,35,37,23,24,25,26,27,28,56,58,31,32,2,3,4,36,5,7,39,8,9,10,11,44,12,46,47,48,13,50,51,14,15,17,55,18,57,19,59,20,21,1,63,63,63,63
41,53,41,30,42,40,45,52,29,49,54,38,33,61,62,43,22,34,60,35,37,23,24,25,26,27,28,56,58,31,32,2,3,4,36,5,7,39,8,9,10,11,44,12,46,47,48,13,50,51,14,15,17,55,18,57,19,59,20,21,1,63,63,63,63
42,42,55,50,43,41,34,35,8,33,51,54,47,49,30,17,18,19,20,21,22,23,24,25,26,27,28,29,58,31,32,1,2,3,36,37,38,39,40,4,5,7,44,45,46,15,48,9,10,11,52,53,12,13,56,57,14,59,60,61,62,63,63,63,63
43,43,29,42,37,44,51,35,50,22,36,28,23,30,52,34,18,19,20,21,1,45,24,25,26,27,54,56,58,31,32,33,2,3,4,5,38,39,40,41,7,8,9,10,46,47,48,49,11,12,13,53,14,55,15,57,17,59,60,61,62,63,63,63,63
44,44,36,52,43,45,53,32,29,25,51,37,13,14,15,17,18,19,20,21,22,23,24,48,26,27,28,56,30,31,62,33,34,35,1,2,38,39,40,41,42,3,4,5,46,47,7,49,50,8,9,10,54,55,11,57,58,59,60,61,12,63,63,63,63
45,45,10,37,44,29,53,36,46,18,22,47,27,2,28,38,34,1,39,21,42,23,24,25,26,52,54,56,30,31,32,33,4,35,3,9,5,7,40,41,8,43,19,20,11,12,48,49,50,51,13,14,15,55,17,57,58,59,60,61,62,63,63,63,63
46,46,48,14,45,53,22,56,9,10,11,12,13,28,15,17,18,19,20,21,42,23,24,25,26,27,54,29,30,31,32,33,34,35,36,37,38,39,40,41,1,43,44,2,3,47,4,49,50,51,52,5,7,55,8,57,58,59,60,61,62,63,63,63,63
47,51,47,50,52,43,46,59,42,3,45,48,55,44,60,17,18,19,20,21,22,23,24,25,1,27,28,29,30,31,32,33,34,35,36,37,38,39,40,41,2,7,4,5,13,8,9,49,10,11,12,53,54,26,56,57,58,14,15,61,62,63,63,63,63
48,46,48,14,45,53,22,56,9,10,11,12,13,28,15,17,18,19,20,21,42,23,24,25,26,27,54,29,30,31,32,33,34,35,36,37,38,39,40,41,1,43,44,2,3,47,4,49,50,51,52,5,7,55,8,57,58,59,60,61,62,63,63,63,63
49,49,50,41,42,57,58,8,9,10,11,12,13,14,15,17,18,19,20,21,22,23,24,25,26,27,28,29,30,31,32,33,34,35,36,37,38,39,40,1,2,43,44,45,46,47,48,3,4,51,52,53,54,55,56,5,7,59,60,61,62,63,63,63,63
50,50,51,19,42,4,58,49,52,34,18,43,29,57,35,59,1,37,20,21,22,23,24,25,26,27,28,56,30,31,32,33,2,3,9,5,38,39,40,41,7,8,44,45,46,47,48,36,10,11,12,53,54,55,13,14,15,17,60,61,62,63,63,63,63
51,51,47,50,52,43,46,59,42,3,45,48,55,44,60,17,18,19,20,21,22,23,24,25,1,27,28,29,30,31,32,33,34,35,36,37,38,39,40,41,2,7,4,5,13,8,9,49,10,11,12,53,54,26,56,57,58,14,15,61,62,63,63,63,63
52,52,44,51,53,60,45,59,58,10,11,12,13,14,15,17,18,19,20,21,22,23,24,25,26,27,28,29,30,31,32,33,34,35,36,37,38,39,40,41,42,43,1,2,46,47,48,49,50,3,4,5,54,55,56,57,7,8,9,61,62,63,63,63,63
53,53,41,30,42,40,45,52,29,49,54,38,33,61,62,43,22,34,60,35,37,23,24,25,26,27,28,56,58,31,32,2,3,4,36,5,7,39,8,9,10,11,44,12,46,47,48,13,50,51,14,15,17,55,18,57,19,59,20,21,1,63,63,63,63
54,54,53,62,4,5,7,8,9,10,11,12,13,14,15,17,18,19,20,21,22,23,24,25,26,27,28,29,30,31,32,33,34,35,36,37,38,39,40,41,42,43,44,45,46,47,48,49,50,51,52,1,2,55,56,57,58,59,60,61,3,63,63,63,63
55,42,55,50,43,41,34,35,8,33,51,54,47,49,30,17,18,19,20,21,22,23,24,25,26,27,28,29,58,31,32,1,2,3,36,37,38,39,40,4,5,7,44,45,46,15,48,9,10,11,52,53,12,13,56,57,14,59,60,61,62,63,63,63,63
56,56,55,3,4,5,7,8,9,10,11,12,13,14,15,17,18,19,20,21,22,23,24,25,26,27,28,29,30,31,32,33,34,35,36,37,38,39,40,41,42,43,44,45,46,47,48,49,50,51,52,53,54,1,2,57,58,59,60,61,62,63,63,63,63
57,57,39,26,11,34,58,49,27,50,47,28,18,38,15,17,35,19,20,21,42,23,24,25,51,52,54,29,30,31,32,33,1,2,36,37,3,4,40,41,5,43,44,45,46,7,48,8,9,10,22,53,12,55,56,13,14,59,60,61,62,63,63,63,63
58,58,21,50,51,59,57,29,5,10,22,12,13,14,15,17,18,19,20,40,42,23,24,25,26,27,28,56,30,31,32,33,34,35,36,37,38,39,1,41,2,43,44,45,46,47,48,49,3,4,52,53,54,55,11,7,8,9,60,61,62,63,63,63,63
59,59,31,51,60,58,52,40,53,10,11,12,13,14,15,17,18,19,20,21,22,23,24,25,26,27,28,29,30,61,32,33,34,35,36,37,38,39,1,41,42,43,44,45,46,47,48,49,50,2,3,4,54,55,56,57,5,7,8,9,62,63,63,63,63
60,60,33,63,62,52,61,53,59,34,25,41,42,58,36,17,18,19,20,21,22,23,24,48,26,27,28,29,30,31,32,1,2,35,3,37,38,39,40,4,5,43,44,45,46,47,7,49,50,51,8,9,54,55,56,57,10,11,12,13,14,15,15,15,15
61,35,61,20,36,34,43,27,5,42,60,53,28,29,26,12,18,19,38,21,1,23,46,25,50,52,54,56,30,31,32,33,2,3,4,37,11,39,40,41,7,8,44,45,9,47,48,49,10,51,22,24,13,55,14,57,58,59,15,17,62,63,63,63,63
62,60,33,63,62,52,61,53,59,34,25,41,42,58,36,17,18,19,20,21,22,23,24,48,26,27,28,29,30,31,32,1,2,35,3,37,38,39,40,4,5,43,44,45,46,47,7,49,50,51,8,9,54,55,56,57,10,11,12,13,14,15,15,15,15
63,60,33,63,62,52,61,53,59,34,25,41,42,58,36,17,18,19,20,21,22,23,24,48,26,27,28,29,30,31,32,1,2,35,3,37,38,39,40,4,5,43,44,45,46,47,7,49,50,51,8,9,54,55,56,57,10,11,12,13,14,15,15,15,15
64,0,0,0,0,0,0,0,0,0,0,0,0,0,0,0,0,0,0,0,0,0,0,0,0,0,0,0,0,0,0,0,0,0,0,0,0,0,0,0,0,0,0,0,0,0,0,0,0,0,0,0,0,0,0,0,0,0,0,0,0,0,0,0,0
