1,0,0,0,0,0,0,0,0,0,0,0,0,0,0,0,0,0,0,0,0,0,0,0,0,0,0,0,0,0,0,0,0,0,0,0,0,0,0,0,0,0,0,0,0,0,0,0,0,0,0,0,0,0,0,0,0,0,0,0,0,0,0,0,0
2,2,10,4,11,7,8,9,19,21,12,13,14,15,17,18,36,20,40,22,23,24,25,26,27,28,29,30,31,33,34,35,1,37,38,39,5,41,42,43,44,45,46,47,48,49,50,51,52,53,54,55,56,57,58,59,60,61,62,63,64,64,64,64,64
3,0,0,0,0,0,0,0,0,0,0,0,0,0,0,0,0,0,0,0,0,0,0,0,0,0,0,0,0,0,0,0,0,0,0,0,0,0,0,0,0,0,0,0,0,0,0,0,0,0,0,0,0,0,0,0,0,0,0,0,0,0,0,0,0
4,19,4,18,28,27,14,9,10,11,12,13,52,15,17,34,36,20,21,22,23,24,25,26,53,54,29,30,31,33,64,35,1,37,38,39,40,41,42,43,44,45,46,47,48,49,50,51,2,8,5,55,56,57,58,59,60,61,62,63,7,7,7,7,7
5,36,62,20,37,5,35,44,28,12,52,27,19,54,29,25,1,39,21,22,45,24,48,26,53,55,56,30,31,33,34,2,4,10,7,8,40,41,42,43,9,38,46,47,11,49,50,51,23,13,14,15,17,57,58,59,60,61,18,63,64,64,64,64,64
6,0,0,0,0,0,0,0,0,0,0,0,0,0,0,0,0,0,0,0,0,0,0,0,0,0,0,0,0,0,0,0,0,0,0,0,0,0,0,0,0,0,0,0,0,0,0,0,0,0,0,0,0,0,0,0,0,0,0,0,0,0,0,0,0
7,7,9,8,22,12,14,17,10,11,23,13,27,15,31,18,19,20,21,42,44,24,25,26,52,28,29,30,60,33,34,35,36,37,38,39,40,41,1,43,2,45,46,47,48,49,50,51,4,53,54,55,56,57,58,59,5,61,62,63,64,64,64,64,64
8,43,56,35,51,44,50,42,36,8,53,27,26,15,17,18,19,20,21,22,23,24,25,1,52,54,29,30,31,33,34,2,4,37,38,39,40,41,5,7,14,45,46,47,48,49,9,10,11,12,13,55,28,57,58,59,60,61,62,63,64,64,64,64,64
9,7,9,8,22,12,14,17,10,11,23,13,27,15,31,18,19,20,21,42,44,24,25,26,52,28,29,30,60,33,34,35,36,37,38,39,40,41,1,43,2,45,46,47,48,49,50,51,4,53,54,55,56,57,58,59,5,61,62,63,64,64,64,64,64
10,46,38,10,22,47,37,45,18,30,29,7,15,23,55,2,36,20,40,42,44,1,25,26,27,28,57,58,31,33,64,35,5,4,11,39,12,41,8,43,9,19,21,24,48,49,50,51,52,53,54,13,14,56,17,59,60,61,62,63,34,34,34,34,34
11,26,58,11,40,27,18,34,28,50,59,25,51,57,19,44,12,20,41,22,45,24,48,1,52,54,29,30,31,33,64,2,4,37,38,39,5,7,42,43,8,9,46,47,10,49,21,23,13,53,14,55,56,15,17,35,60,61,62,63,36,36,36,36,36
12,37,12,36,29,45,22,35,30,20,26,4,28,44,38,18,19,39,21,42,1,24,25,50,52,54,56,58,31,33,34,2,8,5,7,14,40,41,9,43,10,11,46,47,48,49,23,51,13,53,27,55,15,57,17,59,60,61,62,63,64,64,64,64,64
13,60,18,52,59,53,19,51,13,26,1,27,61,10,17,34,36,38,40,22,23,24,48,50,2,28,29,30,31,33,64,35,5,37,4,39,11,41,42,43,44,45,46,47,7,49,8,9,20,21,54,55,56,57,58,12,25,14,62,63,15,15,15,15,15
14,49,47,41,46,50,14,45,42,7,22,48,15,29,17,18,19,20,21,43,44,24,25,26,52,28,56,30,31,33,34,35,36,37,38,39,40,1,2,4,5,12,8,9,10,11,23,51,13,53,54,55,27,57,58,59,60,61,62,63,64,64,64,64,64
15,15,23,25,22,7,17,26,14,43,35,13,27,29,31,18,19,20,21,42,44,46,48,50,52,28,56,30,60,33,34,1,36,37,38,39,40,41,2,4,5,45,12,47,8,49,9,51,10,53,54,55,11,57,58,59,24,61,62,63,64,64,64,64,64
16,0,0,0,0,0,0,0,0,0,0,0,0,0,0,0,0,0,0,0,0,0,0,0,0,0,0,0,0,0,0,0,0,0,0,0,0,0,0,0,0,0,0,0,0,0,0,0,0,0,0,0,0,0,0,0,0,0,0,0,0,0,0,0,0
17,17,25,26,18,7,8,9,10,11,12,13,14,15,31,34,19,20,21,22,23,24,48,50,27,28,29,30,60,33,64,35,36,37,38,39,40,41,42,43,44,45,46,47,1,49,2,51,52,53,54,55,56,57,58,59,4,61,62,63,5,5,5,5,5
18,60,18,52,59,53,19,51,13,26,1,27,61,10,17,34,36,38,40,22,23,24,48,50,2,28,29,30,31,33,64,35,5,37,4,39,11,41,42,43,44,45,46,47,7,49,8,9,20,21,54,55,56,57,58,12,25,14,62,63,15,15,15,15,15
19,19,4,18,28,27,14,9,10,11,12,13,52,15,17,34,36,20,21,22,23,24,25,26,53,54,29,30,31,33,64,35,1,37,38,39,40,41,42,43,44,45,46,47,48,49,50,51,2,8,5,55,56,57,58,59,60,61,62,63,7,7,7,7,7
20,36,62,20,37,5,35,44,28,12,52,27,19,54,29,25,1,39,21,22,45,24,48,26,53,55,56,30,31,33,34,2,4,10,7,8,40,41,42,43,9,38,46,47,11,49,50,51,23,13,14,15,17,57,58,59,60,61,18,63,64,64,64,64,64
21,59,21,51,58,52,60,29,61,11,12,13,14,15,17,18,19,20,40,22,23,24,25,26,27,28,56,30,31,33,34,35,36,37,38,39,1,41,42,43,44,45,46,47,48,49,50,2,4,53,54,55,5,57,7,8,9,10,62,63,64,64,64,64,64
22,46,38,10,22,47,37,45,18,30,29,7,15,23,55,2,36,20,40,42,44,1,25,26,27,28,57,58,31,33,64,35,5,4,11,39,12,41,8,43,9,19,21,24,48,49,50,51,52,53,54,13,14,56,17,59,60,61,62,63,34,34,34,34,34
23,15,23,25,22,7,17,35,14,43,26,27,29,31,18,19,20,21,42,44,47,48,50,28,54,30,58,33,34,1,36,37,38,39,40,41,2,4,5,45,12,8,9,49,10,51,52,53,11,55,56,57,46,59,60,61,62,63,63,63,63,63,63,63,63
24,7,10,15,17,18,23,26,27,28,33,34,35,36,37,39,41,42,43,44,45,46,47,48,50,51,52,53,59,60,61,61,61,61,61,61,61,61,61,61,61,61,61,61,61,61,61,61,61,61,61,61,61,61,61,61,61,61,61,61,61,61,61,61,61
25,15,23,25,22,7,17,26,14,43,35,13,27,29,31,18,19,20,21,42,44,46,48,50,52,28,56,30,60,33,34,1,36,37,38,39,40,41,2,4,5,45,12,47,8,49,9,51,10,53,54,55,11,57,58,59,24,61,62,63,64,64,64,64,64
26,26,58,11,40,27,18,34,28,50,59,25,51,57,19,44,12,20,41,22,45,24,48,1,52,54,29,30,31,33,64,2,4,37,38,39,5,7,42,43,8,9,46,47,10,49,21,23,13,53,14,55,56,15,17,35,60,61,62,63,36,36,36,36,36
27,27,28,36,26,18,35,34,29,19,43,37,59,33,20,64,1,38,21,22,23,24,25,50,52,54,56,30,31,62,2,4,5,7,8,39,40,41,42,9,44,45,46,47,48,49,10,51,11,53,12,55,13,57,58,14,60,61,15,63,17,17,17,17,17
28,27,28,36,26,18,35,34,29,19,43,37,59,33,20,64,1,38,21,22,23,24,25,50,52,54,56,30,31,62,2,4,5,7,8,39,40,41,42,9,44,45,46,47,48,49,10,51,11,53,12,55,13,57,58,14,60,61,15,63,17,17,17,17,17
29,44,29,45,52,36,37,43,28,30,53,51,23,61,17,18,19,20,21,22,1,24,25,26,27,54,56,58,31,33,34,35,2,4,38,39,40,41,42,5,7,8,46,47,48,49,50,9,10,11,12,55,13,57,14,59,60,15,62,63,64,64,64,64,64
30,42,30,54,50,41,43,53,62,34,23,49,58,38,33,35,1,36,29,37,45,22,44,51,27,28,56,59,31,63,64,10,7,8,9,39,40,19,11,12,13,14,46,47,48,15,17,18,52,2,20,55,21,57,5,4,60,61,24,25,26,26,26,26,26
31,0,0,0,0,0,0,0,0,0,0,0,0,0,0,0,0,0,0,0,0,0,0,0,0,0,0,0,0,0,0,0,0,0,0,0,0,0,0,0,0,0,0,0,0,0,0,0,0,0,0,0,0,0,0,0,0,0,0,0,0,0,0,0,0
33,45,35,41,33,46,42,44,34,37,43,36,27,53,50,28,49,52,26,60,61,51,25,1,2,54,29,30,31,62,64,4,5,7,38,39,40,8,9,10,11,12,13,47,14,15,17,18,19,20,21,55,56,57,58,59,22,23,24,63,48,48,48,48,48
34,34,61,64,35,63,42,60,33,26,27,55,43,45,18,50,52,20,21,22,23,24,25,51,53,28,29,30,31,62,2,4,36,37,38,39,40,41,5,7,44,8,46,47,48,49,9,10,11,12,54,13,56,57,58,59,14,15,17,1,19,19,19,19,19
35,45,35,33,42,44,37,43,50,49,60,7,7,7,7,7,7,7,7,7,7,7,7,7,7,7,7,7,7,7,7,7,7,7,7,7,7,7,7,7,7,7,7,7,7,7,7,7,7,7,7,7,7,7,7,7,7,7,7,7,7,7,7,7,7
36,36,62,20,37,5,35,44,28,12,52,27,19,54,29,25,1,39,21,22,45,24,48,26,53,55,56,30,31,33,34,2,4,10,7,8,40,41,42,43,9,38,46,47,11,49,50,51,23,13,14,15,17,57,58,59,60,61,18,63,64,64,64,64,64
37,37,12,36,29,45,22,35,30,20,26,4,28,44,38,18,19,39,21,42,1,24,25,50,52,54,56,58,31,33,34,2,8,5,7,14,40,41,9,43,10,11,46,47,48,49,23,51,13,53,27,55,15,57,17,59,60,61,62,63,64,64,64,64,64
38,46,38,10,22,47,37,45,18,30,29,7,15,23,55,2,36,20,40,42,44,1,25,26,27,28,57,58,31,33,64,35,5,4,11,39,12,41,8,43,9,19,21,24,48,49,50,51,52,53,54,13,14,56,17,59,60,61,62,63,34,34,34,34,34
39,39,38,4,5,7,8,9,10,11,12,13,14,15,17,18,19,20,21,22,23,24,25,26,27,28,29,30,31,33,34,35,36,37,1,2,40,41,42,43,44,45,46,47,48,49,50,51,52,53,54,55,56,57,58,59,60,61,62,63,64,64,64,64,64
40,26,58,11,40,27,18,34,28,50,59,25,51,57,19,44,12,20,41,22,45,24,48,1,52,54,29,30,31,33,64,2,4,37,38,39,5,7,42,43,8,9,46,47,10,49,21,23,13,53,14,55,56,15,17,35,60,61,62,63,36,36,36,36,36
41,45,35,41,33,46,42,44,34,37,43,36,27,53,50,28,49,52,26,60,61,51,25,1,2,54,29,30,31,62,64,4,5,7,38,39,40,8,9,10,11,12,13,47,14,15,17,18,19,20,21,55,56,57,58,59,22,23,24,63,48,48,48,48,48
42,42,30,54,50,41,43,53,62,34,23,49,58,38,33,35,1,36,29,37,45,22,44,51,27,28,56,59,31,63,64,10,7,8,9,39,40,19,11,12,13,14,46,47,48,15,17,18,52,2,20,55,21,57,5,4,60,61,24,25,26,26,26,26,26
43,43,56,35,51,44,50,42,36,8,53,27,26,15,17,18,19,20,21,22,23,24,25,1,52,54,29,30,31,33,34,2,4,37,38,39,40,41,5,7,14,45,46,47,48,49,9,10,11,12,13,55,28,57,58,59,60,61,62,63,64,64,64,64,64
44,44,29,45,52,36,37,43,28,30,53,51,23,61,17,18,19,20,21,22,1,24,25,26,27,54,56,58,31,33,34,35,2,4,38,39,40,41,42,5,7,8,46,47,48,49,50,9,10,11,12,55,13,57,14,59,60,15,62,63,64,64,64,64,64
45,45,35,41,33,46,42,44,34,37,43,36,27,53,50,28,49,52,26,60,61,51,25,1,2,54,29,30,31,62,64,4,5,7,38,39,40,8,9,10,11,12,13,47,14,15,17,18,19,20,21,55,56,57,58,59,22,23,24,63,48,48,48,48,48
46,46,38,10,22,47,37,45,18,30,29,7,15,23,55,2,36,20,40,42,44,1,25,26,27,28,57,58,31,33,64,35,5,4,11,39,12,41,8,43,9,19,21,24,48,49,50,51,52,53,54,13,14,56,17,59,60,61,62,63,34,34,34,34,34
47,49,47,41,46,50,14,45,42,7,22,48,15,29,17,18,19,20,21,43,44,24,25,26,52,28,56,30,31,33,34,35,36,37,38,39,40,1,2,4,5,12,8,9,10,11,23,51,13,53,54,55,27,57,58,59,60,61,62,63,64,64,64,64,64
48,52,48,44,53,60,51,56,45,46,47,13,14,15,17,18,19,20,21,22,23,24,25,26,27,28,29,30,31,33,34,35,36,37,38,39,40,41,42,43,1,2,4,5,7,49,50,8,9,10,54,55,11,57,58,59,12,61,62,63,64,64,64,64,64
49,49,47,41,46,50,42,45,7,48,22,15,21,38,40,25,44,27,28,29,30,33,34,35,36,37,1,39,4,5,17,43,10,11,23,26,18,19,20,51,52,53,54,55,56,57,58,59,60,61,62,63,63,63,63,63,63,63,63,63,63,63,63,63,63
50,51,50,42,59,43,52,49,57,38,41,26,35,58,37,18,19,20,21,22,23,24,25,1,27,28,29,30,31,33,34,2,36,4,5,39,40,7,8,9,44,45,46,47,48,10,11,12,13,53,54,55,56,14,15,17,60,61,62,63,64,64,64,64,64
51,51,50,42,59,43,52,49,57,38,41,26,35,58,37,18,19,20,21,22,23,24,25,1,27,28,29,30,31,33,34,2,36,4,5,39,40,7,8,9,44,45,46,47,48,10,11,12,13,53,54,55,56,14,15,17,60,61,62,63,64,64,64,64,64
52,52,48,44,53,60,51,56,45,46,47,13,14,15,17,18,19,20,21,22,23,24,25,26,27,28,29,30,31,33,34,35,36,37,38,39,40,41,42,43,1,2,4,5,7,49,50,8,9,10,54,55,11,57,58,59,12,61,62,63,64,64,64,64,64
53,53,52,45,60,54,36,61,10,11,12,13,14,15,17,18,19,20,21,22,23,24,25,26,27,28,29,30,31,33,34,35,1,37,38,39,40,41,42,43,44,2,46,47,48,49,50,51,4,5,7,55,56,57,58,59,8,9,62,63,64,64,64,64,64
54,42,30,54,50,41,43,53,62,34,23,49,58,38,33,35,1,36,29,37,45,22,44,51,27,28,56,59,31,63,64,10,7,8,9,39,40,19,11,12,13,14,46,47,48,15,17,18,52,2,20,55,21,57,5,4,60,61,24,25,26,26,26,26,26
55,55,54,47,5,7,8,9,10,11,12,13,14,15,17,18,19,20,21,22,23,24,25,26,27,28,29,30,31,33,34,35,36,37,38,39,40,41,42,43,44,45,46,1,48,49,50,51,52,53,2,4,56,57,58,59,60,61,62,63,64,64,64,64,64
56,43,56,35,51,44,50,42,36,8,53,27,26,15,17,18,19,20,21,22,23,24,25,1,52,54,29,30,31,33,34,2,4,37,38,39,40,41,5,7,14,45,46,47,48,49,9,10,11,12,13,55,28,57,58,59,60,61,62,63,64,64,64,64,64
57,57,49,58,50,7,8,9,10,11,12,13,14,15,17,18,19,20,21,22,23,24,25,26,27,28,29,30,31,33,34,35,36,37,38,39,40,41,42,43,44,45,46,47,48,1,2,51,52,53,54,55,56,4,5,59,60,61,62,63,64,64,64,64,64
58,26,27,59,50,28,44,51,43,60,45,49,33,35,23,36,37,7,41,42,61,61,61,61,61,61,61,61,61,61,61,61,61,61,61,61,61,61,61,61,61,61,61,61,61,61,61,61,61,61,61,61,61,61,61,61,61,61,61,61,61,61,61,61,61
59,59,21,51,58,52,60,29,61,11,12,13,14,15,17,18,19,20,40,22,23,24,25,26,27,28,56,30,31,33,34,35,36,37,38,39,1,41,42,43,44,45,46,47,48,49,50,2,4,53,54,55,5,57,7,8,9,10,62,63,64,64,64,64,64
60,60,18,52,59,53,19,51,13,26,1,27,61,10,17,34,36,38,40,22,23,24,48,50,2,28,29,30,31,33,64,35,5,37,4,39,11,41,42,43,44,45,46,47,7,49,8,9,20,21,54,55,56,57,58,12,25,14,62,63,15,15,15,15,15
61,34,61,64,35,63,42,60,33,26,27,55,43,45,18,50,52,20,21,22,23,24,25,51,53,28,29,30,31,62,2,4,36,37,38,39,40,41,5,7,44,8,46,47,48,49,9,10,11,12,54,13,56,57,58,59,14,15,17,1,19,19,19,19,19
62,36,62,20,37,5,35,44,28,12,52,27,19,54,29,25,1,39,21,22,45,24,48,26,53,55,56,30,31,33,34,2,4,10,7,8,40,41,42,43,9,38,46,47,11,49,50,51,23,13,14,15,17,57,58,59,60,61,18,63,64,64,64,64,64
63,34,61,64,35,63,42,60,33,26,27,55,43,45,18,50,52,20,21,22,23,24,25,51,53,28,29,30,31,62,2,4,36,37,38,39,40,41,5,7,44,8,46,47,48,49,9,10,11,12,54,13,56,57,58,59,14,15,17,1,19,19,19,19,19
64,34,61,64,35,63,42,60,33,26,27,55,43,45,18,50,52,20,21,22,23,24,25,51,53,28,29,30,31,62,2,4,36,37,38,39,40,41,5,7,44,8,46,47,48,49,9,10,11,12,54,13,56,57,58,59,14,15,17,1,19,19,19,19,19
