1,0,0,0,0,0,0,0,0,0,0,0,0,0,0,0,0,0,0,0,0,0,0,0,0,0,0,0,0,0,0,0,0,0,0,0,0,0,0,0,0,0,0,0,0,0,0,0,0,0,0,0,0,0,0,0,0,0,0,0,0,0,0,0,0
2,0,0,0,0,0,0,0,0,0,0,0,0,0,0,0,0,0,0,0,0,0,0,0,0,0,0,0,0,0,0,0,0,0,0,0,0,0,0,0,0,0,0,0,0,0,0,0,0,0,0,0,0,0,0,0,0,0,0,0,0,0,0,0,0
3,52,48,3,51,44,53,60,47,56,50,36,15,17,18,19,37,21,22,23,24,25,26,27,28,29,30,31,32,33,34,35,4,6,38,39,40,41,42,43,5,45,46,11,7,49,8,10,20,12,54,55,13,57,58,59,14,61,62,63,64,64,64,64,64
4,19,4,18,27,7,8,10,20,12,13,14,15,17,32,34,36,21,22,23,24,25,26,50,28,29,30,31,60,33,64,35,3,37,38,39,40,41,42,43,44,45,46,47,48,49,6,51,52,53,54,55,56,57,58,59,5,61,62,63,11,11,11,11,11
5,36,20,62,44,35,37,5,28,12,45,27,54,30,61,42,63,21,40,23,24,25,26,50,52,55,56,31,32,33,34,4,8,6,38,39,7,41,15,43,10,11,46,47,48,49,22,51,13,53,14,29,17,57,58,59,60,18,19,3,64,64,64,64,64
6,6,4,5,11,7,8,10,20,12,13,14,15,17,18,19,36,21,22,23,24,25,26,27,28,29,30,31,32,33,34,35,3,37,38,39,40,41,42,43,44,45,46,47,48,49,50,51,52,53,54,55,56,57,58,59,60,61,62,63,64,64,64,64,64
7,0,0,0,0,0,0,0,0,0,0,0,0,0,0,0,0,0,0,0,0,0,0,0,0,0,0,0,0,0,0,0,0,0,0,0,0,0,0,0,0,0,0,0,0,0,0,0,0,0,0,0,0,0,0,0,0,0,0,0,0,0,0,0,0
8,43,8,51,56,50,35,44,42,52,48,58,28,17,18,19,20,21,22,23,24,25,26,27,53,29,30,31,32,33,34,3,36,37,38,39,40,41,4,5,6,45,46,47,7,49,15,10,11,12,54,55,13,57,14,59,60,61,62,63,64,64,64,64,64
9,0,0,0,0,0,0,0,0,0,0,0,0,0,0,0,0,0,0,0,0,0,0,0,0,0,0,0,0,0,0,0,0,0,0,0,0,0,0,0,0,0,0,0,0,0,0,0,0,0,0,0,0,0,0,0,0,0,0,0,0,0,0,0,0
10,46,38,10,45,47,37,11,48,55,44,34,15,17,33,19,3,21,22,23,25,26,27,28,29,30,31,32,61,63,35,36,4,5,39,40,41,42,43,6,7,8,18,20,49,50,51,52,53,54,12,56,57,58,59,60,13,62,14,64,64,64,64,64,64
11,26,58,11,40,57,12,34,27,50,51,52,17,4,42,18,33,25,41,23,24,46,48,3,28,29,56,31,60,62,64,35,6,37,5,39,20,7,8,43,44,45,10,47,21,49,22,13,14,53,54,55,15,30,32,59,19,61,36,63,38,38,38,38,38
12,37,12,36,29,45,44,38,46,28,53,4,30,17,18,19,3,21,40,23,24,25,26,27,52,54,56,31,32,33,34,35,6,5,11,39,7,41,42,43,8,10,20,47,48,49,50,51,22,13,14,55,15,57,58,59,60,61,62,63,64,64,64,64,64
13,60,18,52,59,26,61,10,13,5,51,14,28,17,32,34,20,21,22,23,44,25,48,27,53,29,30,31,3,33,64,35,36,37,38,39,40,41,42,43,4,45,46,47,8,49,50,6,7,15,54,55,56,57,58,19,11,12,62,63,24,24,24,24,24
14,49,47,41,46,48,50,57,14,15,55,42,28,17,18,19,20,21,22,23,24,25,3,27,52,29,30,31,32,33,34,35,36,37,38,39,40,4,5,43,44,45,6,7,8,10,11,51,12,53,54,13,56,26,58,59,60,61,62,63,64,64,64,64,64
15,15,23,25,6,7,38,26,22,28,29,8,33,30,18,19,36,21,40,42,44,46,48,27,53,54,56,31,32,62,34,35,3,37,4,39,5,41,11,43,13,45,17,47,10,49,50,51,20,12,24,55,14,57,58,59,60,61,52,63,64,64,64,64,64
16,0,0,0,0,0,0,0,0,0,0,0,0,0,0,0,0,0,0,0,0,0,0,0,0,0,0,0,0,0,0,0,0,0,0,0,0,0,0,0,0,0,0,0,0,0,0,0,0,0,0,0,0,0,0,0,0,0,0,0,0,0,0,0,0
17,17,4,5,6,7,8,10,11,12,13,14,15,30,18,19,20,21,22,23,24,25,26,27,28,29,56,31,32,33,34,35,36,37,38,39,40,41,42,43,44,45,46,47,48,49,50,51,52,53,54,55,3,57,58,59,60,61,62,63,64,64,64,64,64
18,60,18,52,59,26,61,10,13,5,51,14,28,17,32,34,20,21,22,23,44,25,48,27,53,29,30,31,3,33,64,35,36,37,38,39,40,41,42,43,4,45,46,47,8,49,50,6,7,15,54,55,56,57,58,19,11,12,62,63,24,24,24,24,24
19,19,4,18,27,7,8,10,20,12,13,14,15,17,32,34,36,21,22,23,24,25,26,50,28,29,30,31,60,33,64,35,3,37,38,39,40,41,42,43,44,45,46,47,48,49,6,51,52,53,54,55,56,57,58,59,5,61,62,63,11,11,11,11,11
20,36,20,62,44,35,37,5,28,12,45,27,54,30,61,42,63,21,40,23,24,25,26,50,52,55,56,31,32,33,34,4,8,6,38,39,7,41,15,43,10,11,46,47,48,49,22,51,13,53,14,29,17,57,58,59,60,18,19,3,64,64,64,64,64
21,59,21,51,60,58,22,52,29,12,13,14,15,17,18,19,20,38,40,23,24,25,26,27,28,54,30,31,32,33,34,35,36,37,3,39,4,41,42,43,44,45,46,47,48,49,50,5,6,53,7,55,56,57,8,10,11,61,62,63,64,64,64,64,64
22,15,36,38,42,43,59,51,52,20,53,25,35,30,30,30,30,30,30,30,30,30,30,30,30,30,30,30,30,30,30,30,30,30,30,30,30,30,30,30,30,30,30,30,30,30,30,30,30,30,30,30,30,30,30,30,30,30,30,30,30,30,30,30,30
23,15,23,25,6,7,38,26,22,28,29,8,33,30,18,19,36,21,40,42,44,46,48,27,53,54,56,31,32,62,34,35,3,37,4,39,5,41,11,43,13,45,17,47,10,49,50,51,20,12,24,55,14,57,58,59,60,61,52,63,64,64,64,64,64
24,22,24,29,15,37,8,10,11,12,13,14,28,17,18,19,20,21,40,23,44,25,26,27,52,54,30,31,32,33,34,35,36,3,38,39,4,41,42,43,5,45,46,47,48,49,50,51,6,53,7,55,56,57,58,59,60,61,62,63,64,64,64,64,64
25,15,23,25,6,7,38,26,22,28,29,8,33,30,18,19,36,21,40,42,44,46,48,27,53,54,56,31,32,62,34,35,3,37,4,39,5,41,11,43,13,45,17,47,10,49,50,51,20,12,24,55,14,57,58,59,60,61,52,63,64,64,64,64,64
26,26,58,11,40,57,12,34,27,50,51,52,17,4,42,18,33,25,41,23,24,46,48,3,28,29,56,31,60,62,64,35,6,37,5,39,20,7,8,43,44,45,10,47,21,49,22,13,14,53,54,55,15,30,32,59,19,61,36,63,38,38,38,38,38
27,28,27,36,29,26,37,35,19,20,21,15,44,18,34,64,3,38,22,23,24,25,48,50,53,54,30,31,60,33,4,5,6,7,8,39,40,41,42,43,10,45,46,47,11,49,12,51,13,14,52,55,56,57,58,59,17,61,62,63,32,32,32,32,32
28,28,27,36,29,26,37,35,19,20,21,15,44,18,34,64,3,38,22,23,24,25,48,50,53,54,30,31,60,33,4,5,6,7,8,39,40,41,42,43,10,45,46,47,11,49,12,51,13,14,52,55,56,57,58,59,17,61,62,63,32,32,32,32,32
29,44,29,52,45,37,36,43,30,22,53,28,21,47,26,19,20,38,40,23,24,25,48,27,3,54,56,31,32,33,34,35,4,5,6,39,7,41,42,8,10,11,46,12,13,49,50,51,14,15,17,55,18,57,58,59,60,61,62,63,64,64,64,64,64
30,42,30,54,34,50,43,41,38,44,46,21,51,53,22,55,35,58,61,36,24,25,26,27,28,29,56,31,32,33,64,3,4,37,5,6,7,8,10,11,12,45,13,47,48,49,14,15,52,17,18,19,20,57,39,59,60,40,62,63,23,23,23,23,23
31,31,39,5,6,7,8,10,11,12,13,14,15,17,18,19,20,21,22,23,24,25,26,27,28,29,30,58,32,33,34,35,36,37,38,3,40,41,42,43,44,45,46,47,48,49,50,51,52,53,54,55,56,57,4,59,60,61,62,63,64,64,64,64,64
33,35,45,41,33,36,37,42,43,44,27,53,46,29,49,34,50,30,48,28,24,25,26,51,52,54,56,31,32,62,64,3,4,5,38,39,40,6,7,8,10,11,12,47,13,14,15,17,18,19,20,55,21,57,58,59,60,61,22,63,23,23,23,23,23
34,34,61,63,64,42,35,33,27,60,25,26,44,53,43,19,20,21,22,23,24,46,48,50,28,29,30,31,32,62,3,4,36,37,38,39,40,41,5,6,7,45,8,47,10,49,11,51,52,12,54,55,56,57,58,59,13,14,15,17,18,18,18,18,18
35,35,45,41,33,36,37,42,43,44,27,53,46,29,49,34,50,30,48,28,24,25,26,51,52,54,56,31,32,62,64,3,4,5,38,39,40,6,7,8,10,11,12,47,13,14,15,17,18,19,20,55,21,57,58,59,60,61,22,63,23,23,23,23,23
36,36,20,62,44,35,37,5,28,12,45,27,54,30,61,42,63,21,40,23,24,25,26,50,52,55,56,31,32,33,34,4,8,6,38,39,7,41,15,43,10,11,46,47,48,49,22,51,13,53,14,29,17,57,58,59,60,18,19,3,64,64,64,64,64
37,37,12,36,29,45,44,38,46,28,53,4,30,17,18,19,3,21,40,23,24,25,26,27,52,54,56,31,32,33,34,35,6,5,11,39,7,41,42,43,8,10,20,47,48,49,50,51,22,13,14,55,15,57,58,59,60,61,62,63,64,64,64,64,64
38,46,38,10,45,47,37,11,48,55,44,34,15,17,32,19,36,21,22,23,24,25,26,27,28,29,30,31,60,33,64,35,3,4,5,39,40,41,42,43,6,7,8,18,20,49,50,51,52,53,54,12,56,57,58,59,13,61,62,63,14,14,14,14,14
39,39,4,5,6,7,8,10,11,12,13,14,15,17,18,19,20,21,22,23,24,25,26,27,28,29,30,31,32,33,34,35,36,37,38,3,40,41,42,43,44,45,46,47,48,49,50,51,52,53,54,55,56,57,58,59,60,61,62,63,64,64,64,64,64
40,26,58,11,40,57,12,34,27,50,51,52,17,4,42,18,33,25,41,23,24,46,48,3,28,29,56,31,60,62,64,35,6,37,5,39,20,7,8,43,44,45,10,47,21,49,22,13,14,53,54,55,15,30,32,59,19,61,36,63,38,38,38,38,38
41,35,45,41,33,36,37,42,43,44,27,53,46,29,49,34,50,30,48,28,24,25,26,51,52,54,56,31,32,62,64,3,4,5,38,39,40,6,7,8,10,11,12,47,13,14,15,17,18,19,20,55,21,57,58,59,60,61,22,63,23,23,23,23,23
42,42,30,54,34,50,43,41,38,44,46,21,51,53,22,55,35,58,61,36,24,25,26,27,28,29,56,31,32,33,64,3,4,37,5,6,7,8,10,11,12,45,13,47,48,49,14,15,52,17,18,19,20,57,39,59,60,40,62,63,23,23,23,23,23
43,43,8,51,56,50,35,44,42,52,48,58,28,17,18,19,20,21,22,23,24,25,26,27,53,29,30,31,32,33,34,3,36,37,38,39,40,41,4,5,6,45,46,47,7,49,15,10,11,12,54,55,13,57,14,59,60,61,62,63,64,64,64,64,64
44,44,29,52,45,37,36,43,30,22,53,28,21,47,26,19,20,38,40,23,24,25,48,27,3,54,56,31,32,33,34,35,4,5,6,39,7,41,42,8,10,11,46,12,13,49,50,51,14,15,17,55,18,57,58,59,60,61,62,63,64,64,64,64,64
45,35,45,41,33,36,37,42,43,44,27,53,46,29,49,34,50,30,48,28,24,25,26,51,52,54,56,31,32,62,64,3,4,5,38,39,40,6,7,8,10,11,12,47,13,14,15,17,18,19,20,55,21,57,58,59,60,61,22,63,23,23,23,23,23
46,46,38,10,45,47,37,11,48,55,44,34,15,17,32,19,36,21,22,23,24,25,26,27,28,29,30,31,60,33,64,35,3,4,5,39,40,41,42,43,6,7,8,18,20,49,50,51,52,53,54,12,56,57,58,59,13,61,62,63,14,14,14,14,14
47,49,47,41,46,48,50,57,14,15,55,42,28,17,18,19,20,21,22,23,24,25,3,27,52,29,30,31,32,33,34,35,36,37,38,39,40,4,5,43,44,45,6,7,8,10,11,51,12,53,54,13,56,26,58,59,60,61,62,63,64,64,64,64,64
48,52,48,3,51,44,53,60,47,56,50,36,17,18,19,20,38,22,23,25,26,27,28,29,30,31,32,33,34,35,4,37,7,39,40,41,42,43,5,45,46,12,8,49,10,11,21,13,54,55,14,57,58,59,15,61,62,63,64,64,64,64,64,64,64
49,49,47,41,46,48,50,57,14,15,55,42,28,17,18,19,20,21,22,23,24,25,3,27,52,29,30,31,32,33,34,35,36,37,38,39,40,4,5,43,44,45,6,7,8,10,11,51,12,53,54,13,56,26,58,59,60,61,62,63,64,64,64,64,64
50,51,50,42,52,59,43,44,49,58,41,28,57,60,34,19,20,21,22,23,24,25,26,27,53,29,30,31,32,33,64,35,36,37,38,39,40,3,4,5,6,45,46,47,48,7,8,10,11,12,54,55,56,13,14,15,17,61,62,63,18,18,18,18,18
51,51,50,42,52,59,43,44,49,58,41,28,57,60,34,19,20,21,22,23,24,25,26,27,53,29,30,31,32,33,64,35,36,37,38,39,40,3,4,5,6,45,46,47,48,7,8,10,11,12,54,55,56,13,14,15,17,61,62,63,18,18,18,18,18
52,52,48,3,51,44,53,60,47,56,50,36,15,17,18,19,37,21,22,23,24,25,26,27,28,29,30,31,32,33,34,35,4,6,38,39,40,41,42,43,5,45,46,11,7,49,8,10,20,12,54,55,13,57,58,59,14,61,62,63,64,64,64,64,64
53,53,45,52,54,62,44,55,61,37,13,14,15,17,18,19,20,21,22,23,24,25,26,27,28,29,30,31,32,33,34,35,36,3,38,39,40,41,42,43,4,5,46,47,48,49,50,51,6,7,8,10,56,57,58,59,60,11,12,63,64,64,64,64,64
54,42,30,54,34,50,43,41,38,44,46,21,51,53,22,55,35,58,61,36,24,25,26,27,28,29,56,31,32,33,64,3,4,37,5,6,7,8,10,11,12,45,13,47,48,49,14,15,52,17,18,19,20,57,39,59,60,40,62,63,23,23,23,23,23
55,55,47,5,6,7,8,10,11,12,13,14,15,17,18,19,20,21,22,23,24,25,26,27,28,29,30,31,32,33,34,35,36,37,38,39,40,41,42,43,44,45,46,3,48,49,50,51,52,53,54,4,56,57,58,59,60,61,62,63,64,64,64,64,64
56,43,8,51,56,50,35,44,42,52,48,58,28,17,18,19,20,21,22,23,24,25,26,27,53,29,30,31,32,33,34,3,36,37,38,39,40,41,4,5,6,45,46,47,7,49,15,10,11,12,54,55,13,57,14,59,60,61,62,63,64,64,64,64,64
57,57,49,5,6,7,8,10,11,12,13,14,15,17,18,19,20,21,22,23,24,25,26,27,28,29,30,31,32,33,34,35,36,37,38,39,40,41,42,43,44,45,46,47,48,3,50,51,52,53,54,55,56,4,58,59,60,61,62,63,64,64,64,64,64
58,26,58,11,34,57,12,40,27,50,51,52,17,4,25,18,33,42,43,44,46,48,28,29,54,31,59,60,62,3,36,37,7,39,5,41,13,8,10,45,19,47,21,49,23,14,15,53,30,55,56,32,35,20,38,61,22,63,63,63,63,63,63,63,63
59,59,21,51,60,58,22,52,29,12,13,14,15,17,18,19,20,38,40,23,24,25,26,27,28,54,30,31,32,33,34,35,36,37,3,39,4,41,42,43,44,45,46,47,48,49,50,5,6,53,7,55,56,57,8,10,11,61,62,63,64,64,64,64,64
60,60,18,52,59,26,61,10,13,5,51,14,28,17,32,34,20,21,22,23,44,25,48,27,53,29,30,31,3,33,64,35,36,37,38,39,40,41,42,43,4,45,46,47,8,49,50,6,7,15,54,55,56,57,58,19,11,12,62,63,24,24,24,24,24
61,34,61,63,64,42,35,33,27,60,25,26,44,53,43,19,20,21,22,23,24,46,48,50,28,29,30,31,32,62,3,4,36,37,38,39,40,41,5,6,7,45,8,47,10,49,11,51,52,12,54,55,56,57,58,59,13,14,15,17,18,18,18,18,18
62,36,20,62,44,35,37,5,28,12,45,27,54,30,61,42,63,21,40,23,24,25,26,50,52,55,56,31,32,33,34,4,8,6,38,39,7,41,15,43,10,11,46,47,48,49,22,51,13,53,14,29,17,57,58,59,60,18,19,3,64,64,64,64,64
63,34,61,63,64,42,35,33,27,60,25,26,44,53,43,19,20,21,22,23,24,46,48,50,28,29,30,31,32,62,3,4,36,37,38,39,40,41,5,6,7,45,8,47,10,49,11,51,52,12,54,55,56,57,58,59,13,14,15,17,18,18,18,18,18
64,34,61,63,64,42,35,33,27,60,25,26,44,53,43,19,20,21,22,23,24,46,48,50,28,29,30,31,32,62,3,4,36,37,38,39,40,41,5,6,7,45,8,47,10,49,11,51,52,12,54,55,56,57,58,59,13,14,15,17,18,18,18,18,18
