1,22,1,30,24,37,23,21,29,10,11,12,14,15,16,17,35,19,39,41,43,45,47,25,26,27,28,57,59,31,33,34,2,36,4,38,3,40,8,42,5,44,6,46,7,48,49,50,51,52,53,54,55,56,18,58,20,60,61,62,63,64,64,64,64
2,2,10,3,8,5,6,7,18,20,11,12,14,15,16,17,35,19,39,21,22,23,24,25,26,27,28,29,30,31,33,34,1,36,37,38,4,40,41,42,43,44,45,46,47,48,49,50,51,52,53,54,55,56,57,58,59,60,61,62,63,64,64,64,64
3,52,48,3,44,53,36,51,60,45,46,11,26,15,16,17,18,19,20,21,43,23,24,25,1,27,28,29,30,31,33,34,35,2,37,38,39,40,41,42,6,4,5,14,47,7,49,50,8,10,22,54,55,56,57,58,59,12,61,62,63,64,64,64,64
4,4,19,27,8,5,6,7,18,10,11,12,14,15,16,17,35,37,20,21,22,23,24,25,26,53,28,29,30,31,33,34,1,36,2,38,39,40,41,42,43,44,45,46,47,48,49,50,51,52,3,54,55,56,57,58,59,60,61,62,63,64,64,64,64
5,36,62,20,44,35,37,5,28,45,29,54,52,53,16,17,18,19,39,21,43,23,24,25,26,27,55,57,30,31,33,34,1,2,3,38,4,40,41,42,11,6,7,46,47,48,49,50,51,8,10,22,12,56,14,58,59,60,61,15,63,64,64,64,64
6,6,15,3,4,5,14,7,8,10,11,12,26,28,16,17,18,19,20,21,22,23,24,25,51,27,55,29,30,31,33,34,35,36,37,38,39,40,41,42,43,44,45,46,47,48,49,50,1,52,53,54,2,56,57,58,59,60,61,62,63,64,64,64,64
7,7,15,14,5,6,8,16,18,10,22,12,27,28,30,17,35,19,20,21,43,23,24,25,51,53,55,29,59,31,33,34,1,36,37,38,39,40,41,42,2,44,45,46,47,48,49,50,3,52,4,54,11,56,57,58,26,60,61,62,63,64,64,64,64
8,43,56,8,51,50,42,44,7,36,35,16,34,15,30,33,1,19,20,21,22,23,24,25,26,27,28,29,59,31,63,2,3,4,37,38,39,40,41,5,6,17,45,46,47,48,49,18,10,52,53,54,55,11,57,58,12,60,61,62,14,64,64,64,64
9,0,0,0,0,0,0,0,0,0,0,0,0,0,0,0,0,0,0,0,0,0,0,0,0,0,0,0,0,0,0,0,0,0,0,0,0,0,0,0,0,0,0,0,0,0,0,0,0,0,0,0,0,0,0,0,0,0,0,0,0,0,0,0,0
10,46,38,10,30,45,18,37,47,39,11,12,14,15,16,17,35,19,40,21,22,23,24,25,26,27,28,29,59,31,33,34,1,36,2,3,4,5,41,42,43,44,6,7,8,48,49,50,51,52,53,54,55,56,57,58,20,60,61,62,63,64,64,64,64
11,58,26,11,40,27,50,59,33,10,22,12,14,15,16,17,18,19,20,21,43,23,24,25,51,53,28,29,30,31,63,34,35,36,37,38,39,1,41,42,2,44,45,46,47,48,49,3,4,52,5,54,55,56,57,6,7,60,61,62,8,64,64,64,64
12,37,12,36,45,29,4,20,28,44,11,24,14,15,16,17,35,19,39,21,22,23,47,25,26,27,55,57,30,31,33,34,1,2,3,38,8,40,41,42,43,5,6,46,7,48,49,50,51,52,53,54,18,56,10,58,59,60,61,62,63,64,64,64,64
13,0,0,0,0,0,0,0,0,0,0,0,0,0,0,0,0,0,0,0,0,0,0,0,0,0,0,0,0,0,0,0,0,0,0,0,0,0,0,0,0,0,0,0,0,0,0,0,0,0,0,0,0,0,0,0,0,0,0,0,0,0,0,0,0
14,49,47,14,50,46,55,39,22,6,57,7,26,28,30,17,18,19,20,21,43,23,24,25,51,27,56,29,59,31,33,34,35,36,37,38,1,40,41,42,2,44,45,3,4,48,5,15,16,52,53,54,8,10,11,58,12,60,61,62,63,64,64,64,64
15,15,23,25,22,14,29,33,31,10,11,12,26,28,16,17,18,19,20,21,43,45,24,49,51,27,55,57,30,61,63,34,35,36,37,38,39,40,41,42,1,44,2,46,47,48,3,50,4,52,53,54,5,56,6,58,59,60,7,62,8,64,64,64,64
16,0,0,0,0,0,0,0,0,0,0,0,0,0,0,0,0,0,0,0,0,0,0,0,0,0,0,0,0,0,0,0,0,0,0,0,0,0,0,0,0,0,0,0,0,0,0,0,0,0,0,0,0,0,0,0,0,0,0,0,0,0,0,0,0
17,17,18,3,4,5,6,7,8,10,11,12,14,15,16,33,35,19,20,21,22,23,24,25,26,27,28,29,30,31,63,34,1,36,37,38,39,40,41,42,43,44,45,46,47,48,49,50,51,52,53,54,55,56,57,58,59,60,61,62,2,64,64,64,64
18,60,18,52,53,45,61,7,8,10,11,12,14,15,16,17,35,19,20,21,22,23,24,25,26,27,28,29,30,31,33,34,1,36,37,38,39,40,41,42,43,44,2,46,47,48,49,50,51,3,4,54,55,56,57,58,59,5,6,62,63,64,64,64,64
19,4,19,27,8,5,6,7,18,10,11,12,14,15,16,17,35,37,20,21,22,23,24,25,26,53,28,29,30,31,33,34,1,36,2,38,39,40,41,42,43,44,45,46,47,48,49,50,51,52,3,54,55,56,57,58,59,60,61,62,63,64,64,64,64
20,36,62,20,44,35,37,5,28,45,29,54,52,53,16,17,18,19,39,21,43,23,24,25,26,27,55,57,30,31,33,34,1,2,3,38,4,40,41,42,11,6,7,46,47,48,49,50,51,8,10,22,12,56,14,58,59,60,61,15,63,64,64,64,64
21,59,21,51,58,28,29,52,50,60,11,12,14,15,16,17,18,19,20,41,22,23,24,25,26,27,55,57,30,31,33,34,35,36,37,38,39,40,1,42,43,44,45,46,47,48,49,2,3,4,53,54,5,56,6,7,8,10,61,62,63,64,64,64,64
22,22,1,30,24,37,23,21,29,10,11,12,14,15,16,17,35,19,39,41,43,45,47,25,26,27,28,57,59,31,33,34,2,36,4,38,3,40,8,42,5,44,6,46,7,48,49,50,51,52,53,54,55,56,18,58,20,60,61,62,63,64,64,64,64
23,15,23,25,22,14,29,33,31,10,11,12,26,28,16,17,18,19,20,21,43,45,24,49,51,27,55,57,30,61,63,34,35,36,37,38,39,40,41,42,1,44,2,46,47,48,3,50,4,52,53,54,5,56,6,58,59,60,7,62,8,64,64,64,64
24,22,1,30,24,37,23,21,29,10,11,12,14,15,16,17,35,19,39,41,43,45,47,25,26,27,28,57,59,31,33,34,2,36,4,38,3,40,8,42,5,44,6,46,7,48,49,50,51,52,53,54,55,56,18,58,20,60,61,62,63,64,64,64,64
25,15,23,25,22,14,29,33,31,10,11,12,26,28,16,17,18,19,20,21,43,45,24,49,51,27,55,57,30,61,63,34,35,36,37,38,39,40,41,42,1,44,2,46,47,48,3,50,4,52,53,54,5,56,6,58,59,60,7,62,8,64,64,64,64
26,58,26,11,40,27,50,59,33,10,22,12,14,15,16,17,18,19,20,21,43,23,24,25,51,53,28,29,30,31,63,34,35,36,37,38,39,1,41,42,2,44,45,46,47,48,49,3,4,52,5,54,55,56,57,6,7,60,61,62,8,64,64,64,64
27,28,27,36,26,20,35,29,34,10,11,12,14,15,16,17,18,19,39,21,22,23,24,25,51,53,55,57,30,31,33,1,2,3,37,38,4,40,41,42,43,44,45,46,47,48,49,50,5,52,6,54,7,56,8,58,59,60,61,62,63,64,64,64,64
28,28,27,36,26,20,35,29,34,10,11,12,14,15,16,17,18,19,39,21,22,23,24,25,51,53,55,57,30,31,33,1,2,3,37,38,4,40,41,42,43,44,45,46,47,48,49,50,5,52,6,54,7,56,8,58,59,60,61,62,63,64,64,64,64
29,44,29,52,37,43,36,45,28,22,35,30,14,15,16,17,18,19,20,21,1,23,24,25,26,27,55,57,59,31,33,34,2,3,4,38,39,40,41,42,5,6,7,46,47,48,49,50,51,8,53,54,10,56,11,58,12,60,61,62,63,64,64,64,64
30,42,30,54,29,50,41,43,34,23,35,62,22,38,37,53,18,19,20,21,44,45,24,25,26,27,28,57,59,31,33,1,2,36,3,4,39,40,5,6,7,8,10,46,47,48,49,11,51,52,12,14,55,56,15,58,16,60,61,17,63,64,64,64,64
31,31,39,37,4,5,6,7,8,10,11,12,14,15,16,17,18,19,20,21,22,23,24,25,26,27,28,29,30,61,33,34,35,36,1,38,2,40,41,42,43,44,45,46,47,48,49,50,51,52,53,54,55,56,57,58,59,60,3,62,63,64,64,64,64
33,35,45,41,33,44,36,53,42,34,43,37,27,49,52,25,10,50,39,21,22,23,24,1,26,54,28,29,30,31,63,2,3,4,5,38,6,40,7,8,20,11,12,46,47,48,14,15,51,16,17,18,55,56,57,58,59,60,61,62,19,64,64,64,64
34,34,61,63,64,42,35,53,28,60,33,43,45,15,16,17,18,19,20,21,22,23,24,25,26,27,55,29,30,31,1,2,3,36,37,38,39,40,41,4,5,44,6,46,47,48,49,50,51,52,7,54,8,56,57,58,59,10,11,62,12,14,14,14,14
35,35,45,41,33,44,36,53,42,34,43,37,27,49,52,25,10,50,39,21,22,23,24,1,26,54,28,29,30,31,63,2,3,4,5,38,6,40,7,8,20,11,12,46,47,48,14,15,51,16,17,18,55,56,57,58,59,60,61,62,19,64,64,64,64
36,36,62,20,44,35,37,5,28,45,29,54,52,53,16,17,18,19,39,21,43,23,24,25,26,27,55,57,30,31,33,34,1,2,3,38,4,40,41,42,11,6,7,46,47,48,49,50,51,8,10,22,12,56,14,58,59,60,61,15,63,64,64,64,64
37,37,12,36,45,29,4,20,28,44,11,24,14,15,16,17,35,19,39,21,22,23,47,25,26,27,55,57,30,31,33,34,1,2,3,38,8,40,41,42,43,5,6,46,7,48,49,50,51,52,53,54,18,56,10,58,59,60,61,62,63,64,64,64,64
38,46,38,10,30,45,18,37,47,39,11,12,14,15,16,17,35,19,40,21,22,23,24,25,26,27,28,29,59,31,33,34,1,36,2,3,4,5,41,42,43,44,6,7,8,48,49,50,51,52,53,54,55,56,57,58,20,60,61,62,63,64,64,64,64
39,39,38,3,4,5,6,7,8,10,11,12,14,15,16,17,18,19,20,21,22,23,24,25,26,27,28,29,30,31,33,34,35,36,37,1,2,40,41,42,43,44,45,46,47,48,49,50,51,52,53,54,55,56,57,58,59,60,61,62,63,64,64,64,64
40,58,26,11,40,27,50,59,33,10,22,12,14,15,16,17,18,19,20,21,43,23,24,25,51,53,28,29,30,31,63,34,35,36,37,38,39,1,41,42,2,44,45,46,47,48,49,3,4,52,5,54,55,56,57,6,7,60,61,62,8,64,64,64,64
41,35,45,41,33,44,36,53,42,34,43,37,27,49,52,25,10,50,39,21,22,23,24,1,26,54,28,29,30,31,63,2,3,4,5,38,6,40,7,8,20,11,12,46,47,48,14,15,51,16,17,18,55,56,57,58,59,60,61,62,19,64,64,64,64
42,42,30,54,29,50,41,43,34,23,35,62,22,38,37,53,18,19,20,21,44,45,24,25,26,27,28,57,59,31,33,1,2,36,3,4,39,40,5,6,7,8,10,46,47,48,49,11,51,52,12,14,55,56,15,58,16,60,61,17,63,64,64,64,64
43,43,56,8,51,50,42,44,7,36,35,16,34,15,30,33,1,19,20,21,22,23,24,25,26,27,28,29,59,31,63,2,3,4,37,38,39,40,41,5,6,17,45,46,47,48,49,18,10,52,53,54,55,11,57,58,12,60,61,62,14,64,64,64,64
44,44,29,52,37,43,36,45,28,22,35,30,14,15,16,17,18,19,20,21,1,23,24,25,26,27,55,57,59,31,33,34,2,3,4,38,39,40,41,42,5,6,7,46,47,48,49,50,51,8,53,54,10,56,11,58,12,60,61,62,63,64,64,64,64
45,35,45,41,33,44,36,53,42,34,43,37,27,49,52,25,10,50,39,21,22,23,24,1,26,54,28,29,30,31,63,2,3,4,5,38,6,40,7,8,20,11,12,46,47,48,14,15,51,16,17,18,55,56,57,58,59,60,61,62,19,64,64,64,64
46,46,38,10,30,45,18,37,47,39,11,12,14,15,16,17,35,19,40,21,22,23,24,25,26,27,28,29,59,31,33,34,1,36,2,3,4,5,41,42,43,44,6,7,8,48,49,50,51,52,53,54,55,56,57,58,20,60,61,62,63,64,64,64,64
47,49,47,14,50,46,55,39,22,6,57,7,26,28,30,17,18,19,20,21,43,23,24,25,51,27,56,29,59,31,33,34,35,36,37,38,1,40,41,42,2,44,45,3,4,48,5,15,16,52,53,54,8,10,11,58,12,60,61,62,63,64,64,64,64
48,52,48,3,44,53,36,51,60,45,46,11,26,15,16,17,18,19,20,21,43,23,24,25,1,27,28,29,30,31,33,34,35,2,37,38,39,40,41,42,6,4,5,14,47,7,49,50,8,10,22,54,55,56,57,58,59,12,61,62,63,64,64,64,64
49,49,47,14,50,46,55,39,22,6,57,7,26,28,30,17,18,19,20,21,43,23,24,25,51,27,56,29,59,31,33,34,35,36,37,38,1,40,41,42,2,44,45,3,4,48,5,15,16,52,53,54,8,10,11,58,12,60,61,62,63,64,64,64,64
50,51,50,42,52,43,59,34,44,58,49,12,14,15,16,17,18,19,20,21,22,23,24,25,26,27,28,29,30,31,33,1,35,36,37,38,39,40,41,2,3,4,45,46,47,48,5,6,7,8,53,54,55,56,57,10,11,60,61,62,63,64,64,64,64
51,51,50,42,52,43,59,34,44,58,49,12,14,15,16,17,18,19,20,21,22,23,24,25,26,27,28,29,30,31,33,1,35,36,37,38,39,40,41,2,3,4,45,46,47,48,5,6,7,8,53,54,55,56,57,10,11,60,61,62,63,64,64,64,64
52,52,48,3,44,53,36,51,60,45,46,11,26,15,16,17,18,19,20,21,43,23,24,25,1,27,28,29,30,31,33,34,35,2,37,38,39,40,41,42,6,4,5,14,47,7,49,50,8,10,22,54,55,56,57,58,59,12,61,62,63,64,64,64,64
53,53,52,54,45,51,44,61,8,10,11,12,14,15,16,17,18,19,20,21,22,23,24,25,26,27,28,29,30,31,33,34,35,36,37,38,39,40,41,42,43,1,2,46,47,48,49,50,3,4,5,6,55,56,57,58,59,60,7,62,63,64,64,64,64
54,42,30,54,29,50,41,43,34,23,35,62,22,38,37,53,18,19,20,21,44,45,24,25,26,27,28,57,59,31,33,1,2,36,3,4,39,40,5,6,7,8,10,46,47,48,49,11,51,52,12,14,55,56,15,58,16,60,61,17,63,64,64,64,64
55,55,54,47,56,5,6,7,8,10,11,12,14,15,16,17,18,19,20,21,22,23,24,25,26,27,28,29,30,31,33,34,35,36,37,38,39,40,41,42,43,44,45,46,1,48,49,50,51,52,53,2,3,4,57,58,59,60,61,62,63,64,64,64,64
56,43,56,8,51,50,42,44,7,36,35,16,34,15,30,33,1,19,20,21,22,23,24,25,26,27,28,29,59,31,63,2,3,4,37,38,39,40,41,5,6,17,45,46,47,48,49,18,10,52,53,54,55,11,57,58,12,60,61,62,14,64,64,64,64
57,57,45,3,4,5,6,7,8,10,11,12,14,15,16,17,18,19,20,21,22,23,24,25,26,27,28,29,30,31,33,34,35,36,37,38,39,40,41,42,43,44,1,46,47,48,49,50,51,52,53,54,55,56,2,58,59,60,61,62,63,64,64,64,64
58,58,26,11,40,27,50,59,33,10,22,12,14,15,16,17,18,19,20,21,43,23,24,25,51,53,28,29,30,31,63,34,35,36,37,38,39,1,41,42,2,44,45,46,47,48,49,3,4,52,5,54,55,56,57,6,7,60,61,62,8,64,64,64,64
59,59,21,51,58,28,29,52,50,60,11,12,14,15,16,17,18,19,20,41,22,23,24,25,26,27,55,57,30,31,33,34,35,36,37,38,39,40,1,42,43,44,45,46,47,48,49,2,3,4,53,54,5,56,6,7,8,10,61,62,63,64,64,64,64
60,60,18,52,53,45,61,7,8,10,11,12,14,15,16,17,35,19,20,21,22,23,24,25,26,27,28,29,30,31,33,34,1,36,37,38,39,40,41,42,43,44,2,46,47,48,49,50,51,3,4,54,55,56,57,58,59,5,6,62,63,64,64,64,64
61,34,61,63,64,42,35,53,28,60,33,43,45,15,16,17,18,19,20,21,22,23,24,25,26,27,55,29,30,31,1,2,3,36,37,38,39,40,41,4,5,44,6,46,47,48,49,50,51,52,7,54,8,56,57,58,59,10,11,62,12,14,14,14,14
62,36,62,20,44,35,37,5,28,45,29,54,52,53,16,17,18,19,39,21,43,23,24,25,26,27,55,57,30,31,33,34,1,2,3,38,4,40,41,42,11,6,7,46,47,48,49,50,51,8,10,22,12,56,14,58,59,60,61,15,63,64,64,64,64
63,34,61,63,64,42,35,53,28,60,33,43,45,15,16,17,18,19,20,21,22,23,24,25,26,27,55,29,30,31,1,2,3,36,37,38,39,40,41,4,5,44,6,46,47,48,49,50,51,52,7,54,8,56,57,58,59,10,11,62,12,14,14,14,14
64,34,61,63,64,42,35,53,28,60,33,43,45,15,16,17,18,19,20,21,22,23,24,25,26,27,55,29,30,31,1,2,3,36,37,38,39,40,41,4,5,44,6,46,47,48,49,50,51,52,7,54,8,56,57,58,59,10,11,62,12,14,14,14,14
