1,22,1,15,14,8,30,10,19,21,12,13,53,31,17,18,37,20,41,43,25,26,27,28,54,55,57,32,33,34,35,36,2,38,39,40,4,42,3,44,45,46,47,48,49,50,51,52,11,7,29,56,9,58,59,60,61,62,63,63,63,63,63,63,63
2,2,4,3,10,7,8,9,19,11,12,13,14,15,17,18,37,20,21,22,25,26,27,28,29,30,31,32,33,34,35,36,1,38,39,40,41,42,43,44,45,46,47,48,49,50,51,52,53,54,55,56,57,58,59,60,61,62,63,63,63,63,63,63,63
3,51,47,3,43,50,48,59,56,58,52,13,29,15,17,18,19,20,21,22,25,26,27,28,53,30,31,32,33,34,35,36,37,38,39,40,41,42,1,44,45,46,2,8,49,4,7,14,9,54,55,10,57,11,12,60,61,62,63,63,63,63,63,63,63
4,50,19,4,42,10,51,52,3,21,12,13,29,15,17,18,37,39,41,22,25,26,27,28,53,30,31,32,33,34,35,36,1,38,2,40,8,11,43,44,45,46,47,48,49,7,14,9,20,54,55,56,57,58,59,60,61,62,63,63,63,63,63,63,63
5,0,0,0,0,0,0,0,0,0,0,0,0,0,0,0,0,0,0,0,0,0,0,0,0,0,0,0,0,0,0,0,0,0,0,0,0,0,0,0,0,0,0,0,0,0,0,0,0,0,0,0,0,0,0,0,0,0,0,0,0,0,0,0,0
6,0,0,0,0,0,0,0,0,0,0,0,0,0,0,0,0,0,0,0,0,0,0,0,0,0,0,0,0,0,0,0,0,0,0,0,0,0,0,0,0,0,0,0,0,0,0,0,0,0,0,0,0,0,0,0,0,0,0,0,0,0,0,0,0
7,7,9,8,4,12,14,17,10,11,25,13,29,15,33,18,19,20,21,22,45,26,27,28,53,30,31,32,61,34,35,36,37,38,39,40,41,42,43,44,1,46,47,48,49,50,51,52,2,54,55,56,57,58,59,60,3,62,63,63,63,63,63,63,63
8,42,8,55,41,51,34,43,44,49,50,13,29,15,17,18,19,20,21,22,25,26,27,28,53,30,31,32,33,63,35,36,37,38,39,40,1,2,3,4,45,46,47,48,7,14,9,52,10,54,11,56,57,58,59,60,61,62,12,12,12,12,12,12,12
9,7,9,8,4,12,14,17,10,11,25,13,29,15,33,18,19,20,21,22,45,26,27,28,53,30,31,32,61,34,35,36,37,38,39,40,41,42,43,44,1,46,47,48,49,50,51,52,2,54,55,56,57,58,59,60,3,62,63,63,63,63,63,63,63
10,45,37,10,36,29,53,44,38,46,35,3,30,15,17,18,1,20,21,22,25,26,27,28,54,55,31,32,33,34,2,8,4,7,39,40,41,42,43,14,9,19,47,48,49,50,51,52,11,12,13,56,57,58,59,60,61,62,63,63,63,63,63,63,63
11,26,57,11,39,27,34,22,49,25,58,35,14,15,17,18,19,20,41,43,45,47,50,28,29,30,31,32,33,63,1,36,37,38,2,40,3,42,4,44,7,46,8,48,9,10,51,52,53,54,55,56,21,12,59,60,61,62,13,13,13,13,13,13,13
12,36,12,44,37,35,28,27,22,43,29,15,14,31,17,18,19,20,21,1,45,26,49,51,53,30,57,32,33,34,2,3,4,38,39,40,41,42,7,8,9,46,47,48,10,50,11,52,25,54,55,56,13,58,59,60,61,62,63,63,63,63,63,63,63
13,18,13,26,19,7,8,9,10,11,12,27,14,15,17,35,37,20,21,22,25,47,49,28,29,30,31,32,33,34,1,36,2,38,39,40,41,42,43,44,45,46,3,48,4,50,51,52,53,54,55,56,57,58,59,60,61,62,63,63,63,63,63,63,63
14,0,0,0,0,0,0,0,0,0,0,0,0,0,0,0,0,0,0,0,0,0,0,0,0,0,0,0,0,0,0,0,0,0,0,0,0,0,0,0,0,0,0,0,0,0,0,0,0,0,0,0,0,0,0,0,0,0,0,0,0,0,0,0,0
15,15,25,26,36,7,8,9,10,11,12,13,14,31,17,18,19,20,21,22,45,47,27,28,29,30,57,32,33,34,35,1,37,38,39,40,41,42,43,44,2,46,3,48,49,50,51,52,53,54,55,56,4,58,59,60,61,62,63,63,63,63,63,63,63
16,0,0,0,0,0,0,0,0,0,0,0,0,0,0,0,0,0,0,0,0,0,0,0,0,0,0,0,0,0,0,0,0,0,0,0,0,0,0,0,0,0,0,0,0,0,0,0,0,0,0,0,0,0,0,0,0,0,0,0,0,0,0,0,0
17,34,17,35,26,33,8,9,10,11,12,13,14,15,61,18,19,20,21,22,25,47,27,28,29,30,31,32,62,63,1,36,37,38,39,40,41,42,43,44,45,46,2,48,49,50,51,52,53,54,55,56,57,58,59,60,3,4,7,7,7,7,7,7,7
18,18,13,26,19,7,8,9,10,11,12,27,14,15,17,35,37,20,21,22,25,47,49,28,29,30,31,32,33,34,1,36,2,38,39,40,41,42,43,44,45,46,3,48,4,50,51,52,53,54,55,56,57,58,59,60,61,62,63,63,63,63,63,63,63
19,50,19,4,42,10,51,52,3,21,12,13,29,15,17,18,37,39,41,22,25,26,27,28,53,30,31,32,33,34,35,36,1,38,2,40,8,11,43,44,45,46,47,48,49,7,14,9,20,54,55,56,57,58,59,60,61,62,63,63,63,63,63,63,63
20,35,20,61,36,42,43,27,45,12,26,19,7,51,28,54,44,34,21,22,46,47,50,52,29,30,31,32,33,63,1,2,3,38,4,40,41,13,8,9,10,11,25,48,49,14,15,17,53,18,55,56,57,58,59,60,37,62,39,39,39,39,39,39,39
21,58,21,20,29,50,8,9,10,11,12,13,14,15,17,18,19,39,41,22,25,26,27,28,53,30,31,32,33,34,35,36,37,38,1,40,2,42,43,44,45,46,47,48,49,3,51,52,4,54,55,56,57,7,59,60,61,62,63,63,63,63,63,63,63
22,22,1,15,14,8,30,10,19,21,12,13,53,31,17,18,37,20,41,43,25,26,27,28,54,55,57,32,33,34,35,36,2,38,39,40,4,42,3,44,45,46,47,48,49,50,51,52,11,7,29,56,9,58,59,60,61,62,63,63,63,63,63,63,63
23,0,0,0,0,0,0,0,0,0,0,0,0,0,0,0,0,0,0,0,0,0,0,0,0,0,0,0,0,0,0,0,0,0,0,0,0,0,0,0,0,0,0,0,0,0,0,0,0,0,0,0,0,0,0,0,0,0,0,0,0,0,0,0,0
24,0,0,0,0,0,0,0,0,0,0,0,0,0,0,0,0,0,0,0,0,0,0,0,0,0,0,0,0,0,0,0,0,0,0,0,0,0,0,0,0,0,0,0,0,0,0,0,0,0,0,0,0,0,0,0,0,0,0,0,0,0,0,0,0
25,15,25,26,36,7,8,9,10,11,12,13,14,31,17,18,19,20,21,22,45,47,27,28,29,30,57,32,33,34,35,1,37,38,39,40,41,42,43,44,2,46,3,48,49,50,51,52,53,54,55,56,4,58,59,60,61,62,63,63,63,63,63,63,63
26,26,57,11,39,27,34,22,49,25,58,35,14,15,17,18,19,20,41,43,45,47,50,28,29,30,31,32,33,63,1,36,37,38,2,40,3,42,4,44,7,46,8,48,9,10,51,52,53,54,55,56,21,12,59,60,61,62,13,13,13,13,13,13,13
27,27,28,26,35,36,20,19,29,34,12,13,14,15,17,18,37,39,21,22,25,47,49,51,53,30,31,32,33,63,1,2,3,38,4,40,41,42,43,44,45,46,7,48,8,50,9,52,10,54,55,56,57,58,59,60,61,62,11,11,11,11,11,11,11
28,27,28,26,35,36,20,19,29,34,12,13,14,15,17,18,37,39,21,22,25,47,49,51,53,30,31,32,33,63,1,2,3,38,4,40,41,42,43,44,45,46,7,48,8,50,9,52,10,54,55,56,57,58,59,60,61,62,11,11,11,11,11,11,11
29,43,29,21,44,42,35,51,22,30,15,45,50,37,34,18,19,20,41,1,25,26,27,28,53,55,57,32,33,63,2,36,3,38,39,40,4,7,8,9,10,46,47,48,49,11,12,52,13,54,14,56,31,58,59,60,61,62,17,17,17,17,17,17,17
30,30,30,30,30,30,30,30,30,30,30,30,30,30,30,30,30,30,30,30,30,30,30,30,30,30,30,30,30,30,30,30,30,30,30,30,30,30,30,30,30,30,30,30,30,30,30,30,30,30,30,30,30,30,30,30,30,30,30,30,30,30,30,30,30
31,59,31,51,60,7,8,9,10,11,12,13,14,15,17,18,19,20,21,22,25,26,27,28,29,30,57,32,33,34,35,36,37,38,39,40,41,42,43,44,45,46,47,48,49,50,1,52,53,54,55,56,2,58,3,4,61,62,63,63,63,63,63,63,63
32,44,32,45,36,37,46,47,51,52,30,41,14,15,17,18,19,20,21,22,25,26,27,28,29,55,31,59,33,34,35,1,2,38,39,40,3,42,43,4,7,8,9,48,49,50,10,11,53,54,12,56,57,58,13,60,61,62,63,63,63,63,63,63,63
33,60,33,62,63,52,59,41,26,51,34,53,14,15,17,18,19,20,21,22,25,47,27,28,29,30,31,32,61,1,35,36,37,38,39,40,2,42,43,44,45,46,3,48,49,50,4,7,8,54,55,56,57,58,9,10,11,12,13,13,13,13,13,13,13
34,34,17,35,26,33,8,9,10,11,12,13,14,15,61,18,19,20,21,22,25,47,27,28,29,30,31,32,62,63,1,36,37,38,39,40,41,42,43,44,45,46,2,48,49,50,51,52,53,54,55,56,57,58,59,60,3,4,7,7,7,7,7,7,7
35,35,20,61,36,42,43,27,44,45,12,26,19,51,28,54,7,34,21,22,46,48,1,52,29,30,31,33,62,2,3,37,4,39,13,41,8,9,10,11,25,47,50,49,14,15,17,53,18,55,56,57,58,59,60,38,40,63,63,63,63,63,63,63,63
36,36,12,44,37,35,28,27,22,43,29,15,14,31,17,18,19,20,21,1,45,26,49,51,53,30,57,32,33,34,2,3,4,38,39,40,41,42,7,8,9,46,47,48,10,50,11,52,25,54,55,56,13,58,59,60,61,62,63,63,63,63,63,63,63
37,45,37,10,36,29,53,44,38,46,35,3,30,15,17,18,1,20,21,22,25,26,27,28,54,55,31,32,33,34,2,8,4,7,39,40,41,42,43,14,9,19,47,48,49,50,51,52,11,12,13,56,57,58,59,60,61,62,63,63,63,63,63,63,63
38,38,37,46,4,7,8,9,10,11,12,13,14,15,17,18,19,20,21,22,25,26,27,28,29,30,31,32,33,34,35,36,1,2,39,40,41,42,43,44,45,3,47,48,49,50,51,52,53,54,55,56,57,58,59,60,61,62,63,63,63,63,63,63,63
39,26,57,11,39,27,34,22,49,25,58,35,14,15,17,18,19,20,41,43,45,47,50,28,29,30,31,32,33,63,1,36,37,38,2,40,3,42,4,44,7,46,8,48,9,10,51,52,53,54,55,56,21,12,59,60,61,62,13,13,13,13,13,13,13
40,30,53,41,40,42,45,22,49,29,54,52,14,15,17,18,19,20,21,43,25,26,27,28,1,55,31,32,33,34,35,36,37,38,39,2,3,4,7,44,8,46,47,48,9,50,51,10,11,12,13,56,57,58,59,60,61,62,63,63,63,63,63,63,63
41,30,53,41,40,42,45,22,49,29,54,52,14,15,17,18,19,20,21,43,25,26,27,28,1,55,31,32,33,34,35,36,37,38,39,2,3,4,7,44,8,46,47,48,9,50,51,10,11,12,13,56,57,58,59,60,61,62,63,63,63,63,63,63,63
42,42,8,55,41,51,34,43,44,49,50,13,29,15,17,18,19,20,21,22,25,26,27,28,53,30,31,32,33,63,35,36,37,38,39,40,1,2,3,4,45,46,47,48,7,14,9,52,10,54,11,56,57,58,59,60,61,62,12,12,12,12,12,12,12
43,43,29,21,44,42,35,51,22,30,15,37,50,45,34,18,19,20,1,2,25,26,27,28,54,56,58,33,62,3,36,4,38,39,40,41,7,8,9,10,46,47,48,49,11,12,52,53,13,55,14,57,31,59,60,61,17,63,63,63,63,63,63,63,63
44,44,45,41,46,47,30,51,52,36,37,27,28,29,49,31,34,35,59,61,38,2,42,43,3,8,11,12,15,50,19,21,53,55,56,57,22,60,26,62,62,62,62,62,62,62,62,62,62,62,62,62,62,62,62,62,62,62,62,62,62,62,62,62,62
45,45,37,10,36,29,53,44,38,46,35,3,30,15,17,18,1,20,21,22,25,26,27,28,54,55,31,32,33,34,2,8,4,7,39,40,41,42,43,14,9,19,47,48,49,50,51,52,11,12,13,56,57,58,59,60,61,62,63,63,63,63,63,63,63
46,46,48,14,45,47,29,7,37,44,25,13,30,15,17,18,19,20,21,22,1,26,27,28,53,55,31,32,33,34,35,36,2,38,39,40,41,42,43,3,4,12,8,9,49,50,51,52,10,54,11,56,57,58,59,60,61,62,63,63,63,63,63,63,63
47,51,47,3,43,50,48,59,56,58,52,13,29,15,17,18,19,20,21,22,25,26,27,28,53,30,31,32,33,34,35,36,37,38,39,40,41,42,1,44,45,46,2,8,49,4,7,14,9,54,55,10,57,11,12,60,61,62,63,63,63,63,63,63,63
48,46,48,14,45,47,29,7,37,44,25,13,30,15,17,18,19,20,21,22,1,26,27,28,53,55,31,32,33,34,35,36,2,38,39,40,41,42,43,3,4,12,8,9,49,50,51,52,10,54,11,56,57,58,59,60,61,62,63,63,63,63,63,63,63
49,49,50,57,4,7,8,9,10,11,12,13,14,15,17,18,19,20,21,22,25,26,27,28,29,30,31,32,33,34,35,36,37,38,39,40,41,42,43,44,45,46,47,48,1,2,51,52,53,54,55,56,3,58,59,60,61,62,63,63,63,63,63,63,63
50,50,19,4,42,10,51,52,3,21,12,13,29,15,17,18,37,39,41,22,25,26,27,28,53,30,31,32,33,34,35,36,1,38,2,40,8,11,43,44,45,46,47,48,49,7,14,9,20,54,55,56,57,58,59,60,61,62,63,63,63,63,63,63,63
51,51,47,3,43,50,48,59,56,58,52,13,29,15,17,18,19,20,21,22,25,26,27,28,53,30,31,32,33,34,35,36,37,38,39,40,41,42,1,44,45,46,2,8,49,4,7,14,9,54,55,10,57,11,12,60,61,62,63,63,63,63,63,63,63
52,52,44,53,51,60,8,9,10,11,12,13,14,15,17,18,19,20,21,22,25,26,27,28,29,30,31,32,33,34,35,36,37,38,39,40,41,42,43,1,45,46,47,48,49,50,2,3,4,54,55,56,57,58,59,7,61,62,63,63,63,63,63,63,63
53,30,53,41,40,42,45,22,49,29,54,52,14,15,17,18,19,20,21,43,25,26,27,28,1,55,31,32,33,34,35,36,37,38,39,2,3,4,7,44,8,46,47,48,9,50,51,10,11,12,13,56,57,58,59,60,61,62,63,63,63,63,63,63,63
54,54,54,54,54,54,54,54,54,54,54,54,54,54,54,54,54,54,54,54,54,54,54,54,54,54,54,54,54,54,54,54,54,54,54,54,54,54,54,54,54,54,54,54,54,54,54,54,54,54,54,54,54,54,54,54,54,54,54,54,54,54,54,54,54
55,42,8,55,41,51,34,43,44,49,50,13,29,15,17,18,19,20,21,22,25,26,27,28,53,30,31,32,33,63,35,36,37,38,39,40,1,2,3,4,45,46,47,48,7,14,9,52,10,54,11,56,57,58,59,60,61,62,12,12,12,12,12,12,12
56,56,2,3,4,7,8,9,10,11,12,13,14,15,17,18,19,20,21,22,25,26,27,28,29,30,31,32,33,34,35,36,37,38,39,40,41,42,43,44,45,46,47,48,49,50,51,52,53,54,55,1,57,58,59,60,61,62,63,63,63,63,63,63,63
57,26,57,11,39,27,34,22,49,25,58,35,14,15,17,18,19,20,41,43,45,47,50,28,29,30,31,32,33,63,1,36,37,38,2,40,3,42,4,44,7,46,8,48,9,10,51,52,53,54,55,56,21,12,59,60,61,62,13,13,13,13,13,13,13
58,58,21,20,29,50,8,9,10,11,12,13,14,15,17,18,19,39,41,22,25,26,27,28,53,30,31,32,33,34,35,36,37,38,1,40,2,42,43,44,45,46,47,48,49,3,51,52,4,54,55,56,57,7,59,60,61,62,63,63,63,63,63,63,63
59,59,31,51,60,10,11,12,15,17,18,19,20,21,22,25,26,27,28,29,30,53,33,34,35,36,37,38,39,40,41,42,43,44,45,46,47,48,49,50,2,52,3,55,56,57,58,4,8,61,62,62,62,62,62,62,62,62,62,62,62,62,62,62,62
60,60,33,62,63,52,59,41,26,51,34,53,14,15,17,18,19,20,21,22,25,47,27,28,29,30,31,32,61,1,35,36,37,38,39,40,2,42,43,44,45,46,3,48,49,50,4,7,8,54,55,56,57,58,9,10,11,12,13,13,13,13,13,13,13
61,35,61,36,42,43,27,28,19,51,44,26,45,12,55,59,62,41,11,22,15,29,21,47,37,2,52,53,8,57,46,60,50,30,30,30,30,30,30,30,30,30,30,30,30,30,30,30,30,30,30,30,30,30,30,30,30,30,30,30,30,30,30,30,30
62,60,33,62,63,52,59,41,26,51,34,53,14,15,17,18,19,20,21,22,25,47,27,28,29,30,31,32,61,1,35,36,37,38,39,40,2,42,43,44,45,46,3,48,49,50,4,7,8,54,55,56,57,58,9,10,11,12,13,13,13,13,13,13,13
63,60,33,62,63,52,59,41,26,51,34,53,14,15,17,18,19,20,21,22,25,47,27,28,29,30,31,32,61,1,35,36,37,38,39,40,2,42,43,44,45,46,3,48,49,50,4,7,8,54,55,56,57,58,9,10,11,12,13,13,13,13,13,13,13
64,0,0,0,0,0,0,0,0,0,0,0,0,0,0,0,0,0,0,0,0,0,0,0,0,0,0,0,0,0,0,0,0,0,0,0,0,0,0,0,0,0,0,0,0,0,0,0,0,0,0,0,0,0,0,0,0,0,0,0,0,0,0,0,0
