1,26,22,1,27,15,6,7,18,9,10,11,12,14,32,17,36,19,20,21,44,25,48,50,28,29,30,31,60,33,34,35,2,37,38,39,40,41,42,43,4,45,46,47,3,49,8,51,52,53,54,55,56,57,58,59,5,61,62,63,63,63,63,63,63
2,2,4,3,8,5,6,7,18,9,10,11,12,14,15,17,36,19,20,21,22,25,26,27,28,29,30,31,32,33,34,35,1,37,38,39,40,41,42,43,44,45,46,47,48,49,50,51,52,53,54,55,56,57,58,59,60,61,62,63,63,63,63,63,63
3,53,49,3,45,52,50,51,47,37,57,11,28,14,15,17,18,19,20,21,22,25,26,27,1,29,30,31,32,33,34,35,36,2,38,39,40,41,42,43,44,6,46,4,48,5,12,7,8,9,54,55,56,10,58,59,60,61,62,63,63,63,63,63,63
4,19,4,3,8,5,6,7,18,9,10,11,12,14,15,17,36,38,20,21,22,25,26,27,28,29,30,31,32,33,34,35,1,37,2,39,40,41,42,43,44,45,46,47,48,49,50,51,52,53,54,55,56,57,58,59,60,61,62,63,63,63,63,63,63
5,37,20,5,36,45,46,44,29,9,22,11,12,14,15,17,18,19,40,21,1,25,26,27,28,54,30,31,32,33,34,35,2,3,38,39,4,41,42,43,10,6,7,47,48,49,50,51,52,53,8,55,56,57,58,59,60,61,62,63,63,63,63,63,63
6,28,6,44,45,36,29,21,7,9,10,11,52,14,32,17,18,19,20,42,22,25,26,27,53,54,30,31,60,33,34,35,1,37,38,39,40,41,2,43,3,4,46,47,48,49,50,51,5,12,15,55,56,57,58,59,8,61,62,63,63,63,63,63,63
7,7,8,9,4,5,6,15,18,20,10,11,12,14,32,17,36,19,40,21,22,25,26,27,28,29,30,31,60,33,34,35,1,37,38,39,2,41,42,43,44,45,46,47,48,49,50,51,52,53,54,55,56,57,58,59,3,61,62,63,63,63,63,63,63
8,44,57,8,36,43,45,53,35,34,52,11,12,14,15,17,37,19,20,21,22,25,26,27,28,29,30,31,32,33,1,2,3,4,38,39,40,41,42,5,6,7,46,47,48,49,50,51,18,9,54,55,56,10,58,59,60,61,62,63,63,63,63,63,63
9,7,8,9,4,5,6,15,18,20,10,11,12,14,32,17,36,19,40,21,22,25,26,27,28,29,30,31,60,33,34,35,1,37,38,39,2,41,42,43,44,45,46,47,48,49,50,51,52,53,54,55,56,57,58,59,3,61,62,63,63,63,63,63,63
10,47,10,39,18,48,11,7,8,9,22,26,12,14,15,17,36,19,20,21,44,25,49,27,28,29,30,31,32,33,34,35,1,37,38,2,40,41,42,43,3,45,46,4,5,6,50,51,52,53,54,55,56,57,58,59,60,61,62,63,63,63,63,63,63
11,59,41,11,60,58,51,52,8,9,10,26,12,14,15,17,18,19,20,21,22,25,48,27,28,29,30,31,32,33,34,35,36,37,38,39,40,1,42,43,44,45,46,47,2,49,50,3,4,53,54,55,56,57,5,6,7,61,62,63,63,63,63,63,63
12,38,12,37,45,20,6,7,8,9,10,11,28,14,15,17,18,19,40,21,22,25,26,27,52,29,30,31,32,33,34,35,36,1,2,39,3,41,42,43,44,4,46,47,48,49,50,51,5,53,54,55,56,57,58,59,60,61,62,63,63,63,63,63,63
13,0,0,0,0,0,0,0,0,0,0,0,0,0,0,0,0,0,0,0,0,0,0,0,0,0,0,0,0,0,0,0,0,0,0,0,0,0,0,0,0,0,0,0,0,0,0,0,0,0,0,0,0,0,0,0,0,0,0,0,0,0,0,0,0
14,0,0,0,0,0,0,0,0,0,0,0,0,0,0,0,0,0,0,0,0,0,0,0,0,0,0,0,0,0,0,0,0,0,0,0,0,0,0,0,0,0,0,0,0,0,0,0,0,0,0,0,0,0,0,0,0,0,0,0,0,0,0,0,0
15,15,27,35,25,28,7,18,41,34,10,11,12,14,32,1,36,19,20,21,22,46,26,50,52,29,30,31,60,33,2,3,4,37,38,39,40,5,42,43,44,45,6,47,48,49,17,51,8,53,54,55,56,57,58,59,9,61,62,63,63,63,63,63,63
16,0,0,0,0,0,0,0,0,0,0,0,0,0,0,0,0,0,0,0,0,0,0,0,0,0,0,0,0,0,0,0,0,0,0,0,0,0,0,0,0,0,0,0,0,0,0,0,0,0,0,0,0,0,0,0,0,0,0,0,0,0,0,0,0
17,36,44,17,29,45,35,37,21,9,10,11,12,14,15,34,18,19,20,42,22,25,26,27,28,54,30,31,32,33,1,2,3,4,38,39,40,41,5,43,6,7,46,47,48,49,50,51,52,53,8,55,56,57,58,59,60,61,62,63,63,63,63,63,63
18,18,61,10,60,26,6,7,8,9,22,11,12,14,15,17,36,19,20,21,44,25,48,27,28,29,30,31,32,33,34,35,1,37,38,39,40,41,42,43,2,45,46,47,3,49,50,51,52,53,54,55,56,57,58,59,4,5,62,63,63,63,63,63,63
19,19,4,3,8,5,6,7,18,9,10,11,12,14,15,17,36,38,20,21,22,25,26,27,28,29,30,31,32,33,34,35,1,37,2,39,40,41,42,43,44,45,46,47,48,49,50,51,52,53,54,55,56,57,58,59,60,61,62,63,63,63,63,63,63
20,37,20,5,36,45,46,44,29,9,22,11,12,14,15,17,18,19,40,21,1,25,26,27,28,54,30,31,32,33,34,35,2,3,38,39,4,41,42,43,10,6,7,47,48,49,50,51,52,53,8,55,56,57,58,59,60,61,62,63,63,63,63,63,63
21,60,21,52,36,53,30,58,22,9,10,11,12,14,15,17,18,19,20,42,44,25,26,27,28,29,56,31,32,33,34,35,1,37,38,39,40,41,2,43,3,45,46,47,48,49,50,51,4,5,54,55,6,57,7,59,8,61,62,63,63,63,63,63,63
22,26,22,1,27,15,6,7,18,9,10,11,12,14,32,17,36,19,20,21,44,25,48,50,28,29,30,31,60,33,34,35,2,37,38,39,40,41,42,43,4,45,46,47,3,49,8,51,52,53,54,55,56,57,58,59,5,61,62,63,63,63,63,63,63
25,15,27,35,25,28,7,18,41,34,10,11,12,14,32,1,36,19,20,21,22,46,26,50,52,29,30,31,60,33,2,3,4,37,38,39,40,5,42,43,44,45,6,47,48,49,17,51,8,53,54,55,56,57,58,59,9,61,62,63,63,63,63,63,63
26,26,22,1,27,15,6,7,18,9,10,11,12,14,32,17,36,19,20,21,44,25,48,50,28,29,30,31,60,33,34,35,2,37,38,39,40,41,42,43,4,45,46,47,3,49,8,51,52,53,54,55,56,57,58,59,5,61,62,63,63,63,63,63,63
27,15,27,35,25,28,7,18,41,34,10,11,12,14,32,1,36,19,20,21,22,46,26,50,52,29,30,31,60,33,2,3,4,37,38,39,40,5,42,43,44,45,6,47,48,49,17,51,8,53,54,55,56,57,58,59,9,61,62,63,63,63,63,63,63
28,28,6,44,45,36,29,21,7,9,10,11,52,14,32,17,18,19,20,42,22,25,26,27,53,54,30,31,60,33,34,35,1,37,38,39,40,41,2,43,3,4,46,47,48,49,50,51,5,12,15,55,56,57,58,59,8,61,62,63,63,63,63,63,63
29,30,29,31,38,21,27,7,8,9,10,11,12,14,15,17,18,19,20,42,22,25,26,50,28,54,56,58,32,33,34,35,36,37,1,39,40,41,2,43,44,45,46,47,48,49,3,51,52,53,4,55,5,57,6,59,60,61,62,63,63,63,63,63,63
30,30,29,31,38,21,27,7,8,9,10,11,12,14,15,17,18,19,20,42,22,25,26,50,28,54,56,58,32,33,34,35,36,37,1,39,40,41,2,43,44,45,46,47,48,49,3,51,52,53,4,55,5,57,6,59,60,61,62,63,63,63,63,63,63
31,30,29,31,38,21,27,7,8,9,10,11,12,14,15,17,18,19,20,42,22,25,26,50,28,54,56,58,32,33,34,35,36,37,1,39,40,41,2,43,44,45,46,47,48,49,3,51,52,53,4,55,5,57,6,59,60,61,62,63,63,63,63,63,63
32,42,43,55,35,51,50,32,36,34,27,44,12,14,15,17,18,19,20,21,22,25,26,1,28,29,30,31,60,33,2,3,4,37,38,39,40,41,5,6,7,45,46,47,48,49,8,9,52,53,54,10,56,57,58,59,11,61,62,63,63,63,63,63,63
33,33,34,32,4,5,6,7,8,9,10,11,12,14,15,17,18,19,20,21,22,25,26,27,28,29,30,31,60,62,1,35,36,37,38,39,40,41,42,43,44,45,46,47,48,49,50,51,52,53,54,55,56,57,58,59,2,61,3,63,63,63,63,63,63
34,46,34,26,45,33,37,42,35,11,36,27,12,14,15,17,18,19,20,21,22,25,48,50,28,29,30,31,32,62,1,2,3,4,38,39,40,41,5,43,44,6,7,47,8,49,9,51,52,53,54,55,56,57,58,59,60,61,10,63,63,63,63,63,63
35,35,62,36,34,43,19,44,27,42,10,11,12,14,15,17,18,39,20,21,22,25,26,51,28,29,30,31,33,1,2,3,37,38,4,40,41,5,6,7,45,46,47,48,49,50,8,52,53,54,55,56,57,59,60,61,9,63,63,63,63,63,63,63,63
36,36,44,17,29,45,35,37,21,9,10,11,12,14,15,34,18,19,20,42,22,25,26,27,28,54,30,31,32,33,1,2,3,4,38,39,40,41,5,43,6,7,46,47,48,49,50,51,52,53,8,55,56,57,58,59,60,61,62,63,63,63,63,63,63
37,37,20,5,36,45,46,44,29,9,22,11,12,14,15,17,18,19,40,21,1,25,26,27,28,54,30,31,32,33,34,35,2,3,38,39,4,41,42,43,10,6,7,47,48,49,50,51,52,53,8,55,56,57,58,59,60,61,62,63,63,63,63,63,63
38,38,12,37,45,20,6,7,8,9,10,11,28,14,15,17,18,19,40,21,22,25,26,27,52,29,30,31,32,33,34,35,36,1,2,39,3,41,42,43,44,4,46,47,48,49,50,51,5,53,54,55,56,57,58,59,60,61,62,63,63,63,63,63,63
39,47,10,39,18,48,11,7,8,9,22,26,12,14,15,17,36,19,20,21,44,25,49,27,28,29,30,31,32,33,34,35,1,37,38,2,40,41,42,43,3,45,46,4,5,6,50,51,52,53,54,55,56,57,58,59,60,61,62,63,63,63,63,63,63
40,40,2,3,4,5,6,7,8,9,10,11,12,14,15,17,18,19,20,21,22,25,26,27,28,29,30,31,32,33,34,35,36,37,38,39,1,41,42,43,44,45,46,47,48,49,50,51,52,53,54,55,56,57,58,59,60,61,62,63,63,63,63,63,63
41,59,41,11,60,58,51,52,8,9,10,26,12,14,15,17,18,19,20,21,22,25,48,27,28,29,30,31,32,33,34,35,36,37,38,39,40,1,42,43,44,45,46,47,2,49,50,3,4,53,54,55,56,57,5,6,7,61,62,63,63,63,63,63,63
42,42,43,55,35,51,50,32,36,34,27,44,12,14,15,17,18,19,20,21,22,25,26,1,28,29,30,31,60,33,2,3,4,37,38,39,40,41,5,6,7,45,46,47,48,49,8,9,52,53,54,10,56,57,58,59,11,61,62,63,63,63,63,63,63
43,42,43,55,35,51,50,32,36,34,27,44,12,14,15,17,18,19,20,21,22,25,26,1,28,29,30,31,60,33,2,3,4,37,38,39,40,41,5,6,7,45,46,47,48,49,8,9,52,53,54,10,56,57,58,59,11,61,62,63,63,63,63,63,63
44,44,57,8,36,43,45,53,35,34,52,11,12,14,15,17,37,19,20,21,22,25,26,27,28,29,30,31,32,33,1,2,3,4,38,39,40,41,42,5,6,7,46,47,48,49,50,51,18,9,54,55,56,10,58,59,60,61,62,63,63,63,63,63,63
45,45,44,37,46,36,53,7,8,9,10,11,12,14,15,17,18,19,20,21,22,25,26,27,28,29,30,31,32,33,34,35,1,2,38,39,40,41,42,43,3,4,5,47,48,49,50,51,52,6,54,55,56,57,58,59,60,61,62,63,63,63,63,63,63
46,46,34,26,45,33,37,42,35,11,36,27,12,14,15,17,18,19,20,21,22,25,48,50,28,29,30,31,32,62,1,2,3,4,38,39,40,41,5,43,44,6,7,47,8,49,9,51,52,53,54,55,56,57,58,59,60,61,10,63,63,63,63,63,63
47,47,10,39,18,48,11,7,8,9,22,26,12,14,15,17,36,19,20,21,44,25,49,27,28,29,30,31,32,33,34,35,1,37,38,2,40,41,42,43,3,45,46,4,5,6,50,51,52,53,54,55,56,57,58,59,60,61,62,63,63,63,63,63,63
48,50,48,51,14,43,45,58,59,15,10,11,12,30,32,17,18,19,20,21,22,25,26,27,28,29,56,31,60,33,34,35,36,37,38,39,40,41,42,1,44,2,46,47,3,49,4,5,52,53,54,55,6,57,7,8,9,61,62,63,63,63,63,63,63
49,53,49,3,45,52,50,51,47,37,57,11,28,14,15,17,18,19,20,21,22,25,26,27,1,29,30,31,32,33,34,35,36,2,38,39,40,41,42,43,44,6,46,4,48,5,12,7,8,9,54,55,56,10,58,59,60,61,62,63,63,63,63,63,63
50,50,48,51,14,43,45,58,59,15,10,11,12,30,32,17,18,19,20,21,22,25,26,27,28,29,56,31,60,33,34,35,36,37,38,39,40,41,42,1,44,2,46,47,3,49,4,5,52,53,54,55,6,57,7,8,9,61,62,63,63,63,63,63,63
51,51,52,44,59,50,43,53,30,42,60,11,12,14,15,17,18,19,20,21,22,25,26,27,28,29,56,31,32,33,34,35,36,37,38,39,40,41,1,2,3,45,46,47,48,49,4,5,6,7,54,55,8,57,58,9,10,61,62,63,63,63,63,63,63
52,51,52,44,59,50,43,53,30,42,60,11,12,14,15,17,18,19,20,21,22,25,26,27,28,29,56,31,32,33,34,35,36,37,38,39,40,41,1,2,3,45,46,47,48,49,4,5,6,7,54,55,8,57,58,9,10,61,62,63,63,63,63,63,63
53,53,49,3,45,52,50,51,47,37,57,11,28,14,15,17,18,19,20,21,22,25,26,27,1,29,30,31,32,33,34,35,36,2,38,39,40,41,42,43,44,6,46,4,48,5,12,7,8,9,54,55,56,10,58,59,60,61,62,63,63,63,63,63,63
54,54,62,53,4,5,6,7,8,9,10,11,12,14,15,17,18,19,20,21,22,25,26,27,28,29,30,31,32,33,34,35,36,37,38,39,40,41,42,43,44,45,46,47,48,49,50,51,52,1,2,55,56,57,58,59,60,61,3,63,63,63,63,63,63
55,42,43,55,35,51,50,32,36,34,27,44,12,14,15,17,18,19,20,21,22,25,26,1,28,29,30,31,60,33,2,3,4,37,38,39,40,41,5,6,7,45,46,47,48,49,8,9,52,53,54,10,56,57,58,59,11,61,62,63,63,63,63,63,63
56,56,2,3,4,5,6,7,8,9,10,11,12,14,15,17,18,19,20,21,22,25,26,27,28,29,30,31,32,33,34,35,36,37,38,39,40,41,42,43,44,45,46,47,48,49,50,51,52,53,54,55,1,57,58,59,60,61,62,63,63,63,63,63,63
57,44,57,8,36,43,45,53,35,34,52,11,12,14,15,17,37,19,20,21,22,25,26,27,28,29,30,31,32,33,1,2,3,4,38,39,40,41,42,5,6,7,46,47,48,49,50,51,18,9,54,55,56,10,58,59,60,61,62,63,63,63,63,63,63
58,58,2,3,4,5,6,7,8,9,10,11,12,14,15,17,18,19,20,21,22,25,26,27,28,29,30,31,32,33,34,35,36,37,38,39,40,41,42,43,44,45,46,47,48,49,50,51,52,53,54,55,56,57,1,59,60,61,62,63,63,63,63,63,63
59,59,41,11,60,58,51,52,8,9,10,26,12,14,15,17,18,19,20,21,22,25,48,27,28,29,30,31,32,33,34,35,36,37,38,39,40,1,42,43,44,45,46,47,2,49,50,3,4,53,54,55,56,57,5,6,7,61,62,63,63,63,63,63,63
60,60,21,52,36,53,30,58,22,9,10,11,12,14,15,17,18,19,20,42,44,25,26,27,28,29,56,31,32,33,34,35,1,37,38,39,40,41,2,43,3,45,46,47,48,49,50,51,4,5,54,55,6,57,7,59,8,61,62,63,63,63,63,63,63
61,18,61,10,60,26,6,7,8,9,22,11,12,14,15,17,36,19,20,21,44,25,48,27,28,29,30,31,32,33,34,35,1,37,38,39,40,41,42,43,2,45,46,47,3,49,50,51,52,53,54,55,56,57,58,59,4,5,62,63,63,63,63,63,63
62,35,62,36,34,43,19,44,27,42,10,11,12,14,15,17,18,38,20,21,22,25,26,50,28,29,30,31,32,33,1,2,3,37,4,39,40,41,5,6,7,45,46,47,48,49,8,51,52,53,54,55,56,57,58,59,60,61,9,63,63,63,63,63,63
63,63,2,3,4,5,6,7,8,9,10,11,12,14,15,17,18,19,20,21,22,25,26,27,28,29,30,31,32,33,34,35,36,37,38,39,40,41,42,43,44,45,46,47,48,49,50,51,52,53,54,55,56,57,58,59,60,61,62,1,1,1,1,1,1
