3,4,3,9,11,7,15,10,19,12,13,14,28,16,17,18,37,20,21,22,23,25,26,27,55,29,30,31,33,34,35,36,5,38,39,41,42,43,44,45,46,47,49,50,51,52,53,54,6,56,57,58,59,60,61,62,63,64,64,64,64,64,64,64,64
4,4,3,9,11,7,15,10,19,12,13,14,28,16,17,18,37,20,21,22,23,25,26,27,55,29,30,31,33,34,35,36,5,38,39,41,42,43,44,45,46,47,49,50,51,52,53,54,6,56,57,58,59,60,61,62,63,64,64,64,64,64,64,64,64
5,50,5,51,42,43,58,49,41,35,57,33,28,16,17,18,19,20,21,22,23,25,26,27,55,29,30,31,63,34,3,36,37,38,39,4,9,6,44,45,46,47,7,15,10,52,53,54,11,56,12,13,59,60,61,62,14,64,64,64,64,64,64,64,64
6,37,19,45,29,36,6,38,18,22,27,28,53,16,17,35,3,39,21,44,23,25,26,54,55,57,30,31,33,34,4,5,11,7,9,41,42,43,10,20,46,47,49,50,51,52,12,13,14,56,15,58,59,60,61,62,63,64,64,64,64,64,64,64,64
7,38,22,7,30,39,37,64,46,16,14,26,15,31,17,18,19,20,21,44,47,25,51,27,28,29,59,61,33,34,35,36,3,4,5,41,42,43,6,45,13,9,49,50,10,52,53,54,55,56,57,58,11,60,12,62,63,23,23,23,23,23,23,23,23
8,0,0,0,0,0,0,0,0,0,0,0,0,0,0,0,0,0,0,0,0,0,0,0,0,0,0,0,0,0,0,0,0,0,0,0,0,0,0,0,0,0,0,0,0,0,0,0,0,0,0,0,0,0,0,0,0,0,0,0,0,0,0,0,0
9,11,9,12,6,7,15,10,19,21,13,14,28,16,17,18,37,20,42,22,23,25,26,27,55,29,30,31,33,34,35,36,3,38,39,41,4,43,44,45,46,47,49,50,51,52,53,54,5,56,57,58,59,60,61,62,63,64,64,64,64,64,64,64,64
10,45,10,44,37,53,46,18,36,47,11,38,43,16,33,35,3,20,21,22,23,25,26,27,28,29,30,31,63,34,4,5,6,7,39,41,42,9,17,19,12,13,49,50,51,52,14,54,55,56,57,58,59,60,61,62,15,64,64,64,64,64,64,64,64
11,11,9,12,6,7,15,10,19,21,13,14,28,16,17,18,37,20,42,22,23,25,26,27,55,29,30,31,33,34,35,36,3,38,39,41,4,43,44,45,46,47,49,50,51,52,53,54,5,56,57,58,59,60,61,62,63,64,64,64,64,64,64,64,64
12,12,20,47,56,7,9,10,11,21,13,14,15,16,17,18,19,39,42,22,23,25,26,27,28,29,30,31,33,34,35,36,37,38,3,41,4,43,44,45,46,5,49,50,51,52,53,54,55,6,57,58,59,60,61,62,63,64,64,64,64,64,64,64,64
13,42,60,52,34,59,50,41,43,49,35,13,51,61,33,53,19,20,21,22,46,25,26,27,28,29,30,31,63,3,4,36,37,38,39,5,6,7,44,45,9,47,10,11,12,23,14,54,55,56,57,58,15,16,17,62,18,64,64,64,64,64,64,64,64
14,14,29,5,6,7,9,10,11,12,13,26,15,16,17,18,19,20,21,22,23,25,51,27,28,57,30,31,33,34,35,36,37,38,39,41,42,43,44,45,46,47,49,50,3,52,53,54,55,56,4,58,59,60,61,62,63,64,64,64,64,64,64,64,64
15,15,20,23,22,7,12,14,38,28,25,26,29,16,17,18,19,39,42,44,46,49,51,27,55,57,30,31,33,34,35,36,37,3,4,41,5,43,6,45,13,47,9,50,10,52,53,54,11,56,21,58,59,60,61,62,63,64,64,64,64,64,64,64,64
16,51,49,50,59,52,43,57,42,41,16,27,37,44,53,18,19,20,21,22,23,25,26,54,28,29,60,31,33,34,35,36,3,38,39,4,5,6,7,45,46,47,9,10,11,12,13,14,55,56,15,58,30,17,61,62,63,64,64,64,64,64,64,64,64
17,27,17,25,28,35,26,19,36,50,43,14,15,16,33,18,37,20,21,22,23,49,51,53,55,29,30,31,63,34,3,4,5,38,39,41,42,6,44,45,46,47,7,9,10,52,11,54,12,56,57,58,59,60,61,62,13,64,64,64,64,64,64,64,64
18,18,26,9,6,7,15,10,11,12,13,14,28,16,17,35,19,20,21,22,23,25,51,27,55,29,30,31,33,34,3,36,37,38,39,41,42,43,44,45,46,47,49,50,4,52,53,54,5,56,57,58,59,60,61,62,63,64,64,64,64,64,64,64,64
19,37,19,45,29,36,6,38,18,22,27,28,53,16,17,35,3,39,21,44,23,25,26,54,55,57,30,31,33,34,4,5,11,7,9,41,42,43,10,20,46,47,49,50,51,52,12,13,14,56,15,58,59,60,61,62,63,64,64,64,64,64,64,64,64
20,15,20,23,22,7,12,14,38,28,25,26,29,16,17,18,19,39,42,44,46,49,51,27,55,57,30,31,33,34,35,36,37,3,4,41,5,43,6,45,13,47,9,50,10,52,53,54,11,56,21,58,59,60,61,62,63,64,64,64,64,64,64,64,64
21,53,21,45,52,29,61,44,46,54,55,37,13,16,17,18,19,20,42,22,47,25,26,27,28,57,30,31,33,34,35,36,3,38,39,41,4,43,5,6,7,9,49,50,51,10,11,12,23,56,14,58,59,60,15,62,63,64,64,64,64,64,64,64,64
22,38,22,7,30,39,37,64,46,16,14,26,15,31,17,18,19,20,21,44,47,25,51,27,28,29,59,61,33,34,35,36,3,4,5,41,42,43,6,45,13,9,49,50,10,52,53,54,55,56,57,58,11,60,12,62,63,23,23,23,23,23,23,23,23
23,23,22,15,31,7,9,10,11,12,13,14,28,16,17,18,19,20,21,44,46,25,26,27,55,29,30,61,33,34,35,36,37,38,39,41,42,43,3,45,4,47,49,50,51,52,53,54,5,56,57,58,59,60,6,62,63,64,64,64,64,64,64,64,64
24,0,0,0,0,0,0,0,0,0,0,0,0,0,0,0,0,0,0,0,0,0,0,0,0,0,0,0,0,0,0,0,0,0,0,0,0,0,0,0,0,0,0,0,0,0,0,0,0,0,0,0,0,0,0,0,0,0,0,0,0,0,0,0,0
25,27,17,25,28,35,26,19,36,50,43,14,15,16,33,18,37,20,21,22,23,49,51,53,55,29,30,31,63,34,3,4,5,38,39,41,42,6,44,45,46,47,7,9,10,52,11,54,12,56,57,58,59,60,61,62,13,64,64,64,64,64,64,64,64
26,26,34,18,25,27,28,10,11,12,13,14,15,16,17,35,19,20,21,22,23,49,51,53,55,29,30,31,33,3,4,36,37,38,39,41,42,43,44,45,46,47,5,50,6,52,7,54,9,56,57,58,59,60,61,62,63,64,64,64,64,64,64,64,64
27,27,17,25,28,35,26,19,36,50,43,14,15,16,33,18,37,20,21,22,23,49,51,53,55,29,30,31,63,34,3,4,5,38,39,41,42,6,44,45,46,47,7,9,10,52,11,54,12,56,57,58,59,60,61,62,13,64,64,64,64,64,64,64,64
28,28,36,29,20,27,9,10,11,12,13,14,15,16,17,18,19,39,21,22,23,25,26,53,55,57,30,31,33,34,35,3,37,38,4,41,42,43,44,45,46,47,49,50,51,52,5,54,6,56,7,58,59,60,61,62,63,64,64,64,64,64,64,64,64
29,29,30,31,37,28,36,22,23,18,45,38,27,16,17,35,19,20,21,44,46,25,26,53,55,57,59,61,33,34,3,4,5,6,39,41,42,43,7,9,10,47,49,50,51,52,11,54,12,56,13,58,14,60,15,62,63,64,64,64,64,64,64,64,64
30,29,30,31,37,28,36,22,23,18,45,38,27,16,17,35,19,20,21,44,46,25,26,53,55,57,59,61,33,34,3,4,5,6,39,41,42,43,7,9,10,47,49,50,51,52,11,54,12,56,13,58,14,60,15,62,63,64,64,64,64,64,64,64,64
31,29,30,31,37,28,36,22,23,18,45,38,27,16,17,35,19,20,21,44,46,25,26,53,55,57,59,61,33,34,3,4,5,6,39,41,42,43,7,9,10,47,49,50,51,52,11,54,12,56,13,58,14,60,15,62,63,64,64,64,64,64,64,64,64
33,44,43,33,36,56,50,51,52,42,35,45,41,34,53,25,15,20,21,22,23,49,26,27,55,29,30,31,63,3,4,5,37,38,39,6,7,9,10,11,46,47,12,13,14,28,16,54,17,18,57,58,59,60,61,62,19,64,64,64,64,64,64,64,64
34,34,57,35,42,26,50,33,41,52,54,53,43,45,4,36,51,44,60,59,15,28,29,31,31,31,31,31,31,31,31,31,31,31,31,31,31,31,31,31,31,31,31,31,31,31,31,31,31,31,31,31,31,31,31,31,31,31,31,31,31,31,31,31,31
35,35,47,36,43,34,27,46,42,44,51,26,39,55,28,18,19,20,21,22,23,25,52,53,56,29,30,31,33,3,4,5,37,38,6,41,7,9,10,45,11,12,49,50,13,14,15,54,16,17,57,58,59,60,61,62,63,64,64,64,64,64,64,64,64
36,36,35,44,63,28,37,45,43,18,29,59,52,64,17,3,19,20,21,22,23,25,26,27,55,57,30,31,33,34,4,5,6,38,39,41,42,7,9,10,46,47,49,50,51,11,53,54,12,56,13,58,14,60,61,62,15,16,16,16,16,16,16,16,16
37,37,19,45,29,36,6,38,18,22,27,28,53,16,17,35,3,39,21,44,23,25,26,54,55,57,30,31,33,34,4,5,11,7,9,41,42,43,10,20,46,47,49,50,51,52,12,13,14,56,15,58,59,60,61,62,63,64,64,64,64,64,64,64,64
38,38,22,7,30,39,37,64,46,16,14,26,15,31,17,18,19,20,21,44,47,25,51,27,28,29,59,61,33,34,35,36,3,4,5,41,42,43,6,45,13,9,49,50,10,52,53,54,55,56,57,58,11,60,12,62,63,23,23,23,23,23,23,23,23
39,39,47,5,6,7,9,10,11,12,13,14,15,16,17,18,19,20,21,22,23,25,26,27,28,29,30,31,33,34,35,36,37,38,3,41,42,43,44,45,46,4,49,50,51,52,53,54,55,56,57,58,59,60,61,62,63,64,64,64,64,64,64,64,64
40,0,0,0,0,0,0,0,0,0,0,0,0,0,0,0,0,0,0,0,0,0,0,0,0,0,0,0,0,0,0,0,0,0,0,0,0,0,0,0,0,0,0,0,0,0,0,0,0,0,0,0,0,0,0,0,0,0,0,0,0,0,0,0,0
41,41,54,42,33,49,46,50,34,62,53,63,15,16,17,18,19,20,21,22,23,25,26,27,28,29,30,31,64,3,35,36,37,38,39,4,5,43,44,45,6,47,7,9,51,52,10,11,55,56,57,58,59,60,61,12,13,14,14,14,14,14,14,14,14
42,42,60,52,34,59,50,41,43,49,35,13,51,61,33,53,19,20,21,22,46,25,26,27,28,29,30,31,63,3,4,36,37,38,39,5,6,7,44,45,9,47,10,11,12,23,14,54,55,56,57,58,15,16,17,62,18,64,64,64,64,64,64,64,64
43,44,43,33,36,56,50,51,52,42,35,45,41,34,53,25,15,20,21,22,23,49,26,27,55,29,30,31,63,3,4,5,37,38,39,6,7,9,10,11,46,47,12,13,14,28,16,54,17,18,57,58,59,60,61,62,19,64,64,64,64,64,64,64,64
44,44,43,33,36,56,50,51,52,42,35,45,41,34,53,25,15,20,21,22,23,49,26,27,55,29,30,31,63,3,4,5,37,38,39,6,7,9,10,11,46,47,12,13,14,28,16,54,17,18,57,58,59,60,61,62,19,64,64,64,64,64,64,64,64
45,45,10,44,37,53,46,18,36,47,11,38,43,16,33,35,3,20,21,22,23,25,26,27,28,29,30,31,63,34,4,5,6,7,39,41,42,9,17,19,12,13,49,50,51,52,14,54,55,56,57,58,59,60,61,62,15,64,64,64,64,64,64,64,64
46,46,58,45,59,50,47,57,51,54,37,49,38,16,17,18,19,20,21,22,23,25,26,27,28,29,30,31,33,34,35,36,3,4,39,41,42,43,44,5,6,7,9,10,11,52,53,12,55,56,13,14,15,60,61,62,63,64,64,64,64,64,64,64,64
47,35,47,36,43,34,27,46,42,44,51,26,39,55,28,18,19,20,21,22,23,25,52,53,56,29,30,31,33,3,4,5,37,38,6,41,7,9,10,45,11,12,49,50,13,14,15,54,16,17,57,58,59,60,61,62,63,64,64,64,64,64,64,64,64
48,0,0,0,0,0,0,0,0,0,0,0,0,0,0,0,0,0,0,0,0,0,0,0,0,0,0,0,0,0,0,0,0,0,0,0,0,0,0,0,0,0,0,0,0,0,0,0,0,0,0,0,0,0,0,0,0,0,0,0,0,0,0,0,0
49,51,49,50,59,52,43,57,42,41,16,27,37,44,53,18,19,20,21,22,23,25,26,54,28,29,60,31,33,34,35,36,3,38,39,4,5,6,7,45,46,47,9,10,11,12,13,14,55,56,15,58,30,17,61,62,63,64,64,64,64,64,64,64,64
50,50,5,51,42,43,58,49,41,35,57,33,28,16,17,18,19,20,21,22,23,25,26,27,55,29,30,31,63,34,3,36,37,38,39,4,9,6,44,45,46,47,7,15,10,52,53,54,11,56,12,13,59,60,61,62,14,64,64,64,64,64,64,64,64
51,51,49,50,59,52,43,57,42,41,16,27,37,44,53,18,19,20,21,22,23,25,26,54,28,29,60,31,33,34,35,36,3,38,39,4,5,6,7,45,46,47,9,10,11,12,13,14,55,56,15,58,30,17,61,62,63,64,64,64,64,64,64,64,64
52,52,44,53,51,60,45,59,36,43,13,14,15,16,17,18,19,20,21,22,23,25,26,27,28,29,30,31,33,34,35,3,37,38,39,41,42,4,5,6,46,47,49,50,7,9,10,54,55,56,57,58,11,12,61,62,63,64,64,64,64,64,64,64,64
53,53,21,45,52,29,61,44,46,54,55,37,13,16,17,18,19,20,42,22,47,25,26,27,28,57,30,31,33,34,35,36,3,38,39,41,4,43,5,6,7,9,49,50,51,10,11,12,23,56,14,58,59,60,15,62,63,64,64,64,64,64,64,64,64
54,41,54,42,33,49,46,50,34,62,53,63,15,16,17,18,19,20,21,22,23,25,26,27,28,29,30,31,64,3,35,36,37,38,39,4,5,43,44,45,6,47,7,9,51,52,10,11,55,56,57,58,59,60,61,12,13,14,14,14,14,14,14,14,14
55,61,55,60,53,59,47,36,63,12,13,14,15,16,17,18,19,20,21,22,23,25,26,27,28,29,30,31,33,34,35,3,37,38,39,41,42,43,44,45,46,4,49,50,51,52,5,54,6,56,57,58,7,9,10,62,11,64,64,64,64,64,64,64,64
56,44,43,33,36,56,50,51,52,42,35,45,41,34,53,25,15,20,21,22,23,49,26,27,55,29,30,31,63,3,4,5,37,38,39,6,7,9,10,11,46,47,12,13,14,28,16,54,17,18,57,58,59,60,61,62,19,64,64,64,64,64,64,64,64
57,34,57,62,35,42,26,50,49,33,58,41,52,53,54,18,19,20,21,22,23,25,51,27,28,29,30,31,63,3,4,36,37,38,39,5,6,43,44,45,46,47,7,9,10,11,12,13,55,56,14,15,59,60,61,16,17,64,64,64,64,64,64,64,64
58,46,58,45,59,50,47,57,51,54,37,49,38,16,17,18,19,20,21,22,23,25,26,27,28,29,30,31,33,34,35,36,3,4,39,41,42,43,44,5,6,7,9,10,11,52,53,12,55,56,13,14,15,60,61,62,63,64,64,64,64,64,64,64,64
59,59,51,60,58,52,50,43,11,12,13,14,15,16,17,18,19,20,21,22,23,25,26,27,28,29,30,31,33,34,35,36,37,38,39,41,42,3,44,45,46,47,49,4,5,6,53,54,55,56,57,7,9,10,61,62,63,64,64,64,64,64,64,64,64
60,42,60,52,34,59,50,41,43,49,35,13,51,61,33,53,19,20,21,22,46,25,26,27,28,29,30,31,63,3,4,36,37,38,39,5,6,7,44,45,9,47,10,11,12,23,14,54,55,56,57,58,15,16,17,62,18,64,64,64,64,64,64,64,64
61,61,55,60,53,59,47,36,63,12,13,14,15,16,17,18,19,20,21,22,23,25,26,27,28,29,30,31,33,34,35,3,37,38,39,41,42,43,44,45,46,4,49,50,51,52,5,54,6,56,57,58,7,9,10,62,11,64,64,64,64,64,64,64,64
62,34,57,62,35,42,26,50,49,33,58,41,52,53,54,18,19,20,21,22,23,25,51,27,28,29,30,31,63,3,4,36,37,38,39,5,6,43,44,45,46,47,7,9,10,11,12,13,55,56,14,15,59,60,61,16,17,64,64,64,64,64,64,64,64
63,36,35,44,63,28,37,45,43,18,29,59,52,64,17,3,19,20,21,22,23,25,26,27,55,57,30,31,33,34,4,5,6,38,39,41,42,7,9,10,46,47,49,50,51,11,53,54,12,56,13,58,14,60,61,62,15,16,16,16,16,16,16,16,16
64,38,22,7,30,39,37,64,46,16,14,26,15,31,17,18,19,20,21,44,47,25,51,27,28,29,59,61,33,34,35,36,3,4,5,41,42,43,6,45,13,9,49,50,10,52,53,54,55,56,57,58,11,60,12,62,63,23,23,23,23,23,23,23,23
