1,26,34,27,18,35,19,25,1,42,9,33,17,14,15,2,5,37,39,21,22,23,24,50,52,54,28,29,30,31,3,10,6,7,8,38,36,41,20,43,44,45,46,47,48,49,11,51,12,53,13,55,56,57,58,59,60,61,62,62,62,62,62,62,62
2,2,5,3,9,6,7,8,18,10,11,12,13,14,15,17,35,19,20,21,22,23,24,25,26,27,28,29,30,31,33,34,1,36,37,38,39,41,42,43,44,45,46,47,48,49,50,51,52,53,54,55,56,57,58,59,60,61,62,62,62,62,62,62,62
3,50,42,51,58,49,43,57,3,59,41,44,52,14,15,17,18,19,20,21,22,23,24,25,53,27,28,29,30,31,33,34,35,36,37,38,39,1,2,7,5,45,46,47,48,6,13,8,9,10,54,55,56,11,12,26,60,61,62,62,62,62,62,62,62
4,0,0,0,0,0,0,0,0,0,0,0,0,0,0,0,0,0,0,0,0,0,0,0,0,0,0,0,0,0,0,0,0,0,0,0,0,0,0,0,0,0,0,0,0,0,0,0,0,0,0,0,0,0,0,0,0,0,0,0,0,0,0,0,0
5,38,22,23,30,37,46,15,28,14,29,39,5,56,31,17,35,19,20,21,44,47,24,25,26,27,57,58,60,62,33,34,1,36,2,3,9,41,42,43,6,45,7,8,48,49,50,51,52,53,54,55,18,10,11,59,12,61,13,13,13,13,13,13,13
6,28,36,27,20,29,6,37,35,26,7,15,52,14,30,17,18,19,39,21,44,23,24,25,53,54,56,58,60,31,33,34,1,2,3,38,5,41,42,43,11,45,46,47,48,49,50,51,13,8,9,55,10,57,22,59,12,61,62,62,62,62,62,62,62
7,10,7,18,9,17,2,8,35,20,11,12,26,14,15,33,36,37,39,21,22,23,24,25,52,27,28,29,30,31,1,34,5,3,19,38,6,41,42,43,44,45,46,47,48,49,50,51,13,53,54,55,56,57,58,59,60,61,62,62,62,62,62,62,62
9,45,44,37,53,9,46,36,10,43,61,12,13,14,15,17,35,19,39,21,22,23,24,25,26,27,28,29,30,31,33,34,1,2,3,38,5,41,42,6,7,8,18,47,48,49,50,51,52,20,54,55,56,57,58,59,60,11,62,62,62,62,62,62,62
10,10,7,18,9,17,2,8,35,20,11,12,26,14,15,33,36,37,39,21,22,23,24,25,52,27,28,29,30,31,1,34,5,3,19,38,6,41,42,43,44,45,46,47,48,49,50,51,13,53,54,55,56,57,58,59,60,61,62,62,62,62,62,62,62
11,48,11,24,10,56,7,8,9,20,22,12,13,14,15,17,18,19,39,21,44,23,49,25,26,27,28,29,30,31,33,34,35,36,37,38,1,41,42,43,2,45,46,47,3,5,50,51,52,53,54,55,6,57,58,59,60,61,62,62,62,62,62,62,62
12,42,60,12,43,34,50,59,52,41,61,51,35,33,11,15,5,20,39,21,44,23,48,25,26,27,28,29,1,31,2,3,9,6,37,38,7,8,18,10,22,45,46,47,24,49,13,14,30,53,54,55,56,57,58,17,36,19,62,62,62,62,62,62,62
13,0,0,0,0,0,0,0,0,0,0,0,0,0,0,0,0,0,0,0,0,0,0,0,0,0,0,0,0,0,0,0,0,0,0,0,0,0,0,0,0,0,0,0,0,0,0,0,0,0,0,0,0,0,0,0,0,0,0,0,0,0,0,0,0
14,20,14,21,28,29,12,22,15,10,11,24,13,56,30,17,18,19,39,42,44,23,48,25,26,27,57,58,60,31,33,34,35,36,37,38,1,41,2,43,3,45,46,47,5,49,50,51,52,53,54,55,6,7,8,59,9,61,62,62,62,62,62,62,62
15,51,15,49,50,43,52,59,57,23,41,58,42,44,33,35,14,45,20,21,22,46,24,25,26,27,56,29,60,31,1,34,2,36,37,38,39,3,5,6,7,8,9,47,48,10,11,12,13,53,54,55,28,30,17,18,19,61,62,62,62,62,62,62,62
17,27,17,35,26,28,34,19,36,25,18,10,44,29,15,33,1,37,39,21,22,23,24,50,52,54,56,58,30,31,2,3,5,6,7,38,8,41,42,43,9,45,46,47,48,49,20,51,11,53,12,55,13,57,14,59,60,61,62,62,62,62,62,62,62
18,18,10,26,27,9,17,8,19,20,11,12,13,14,15,33,35,37,39,21,22,23,24,25,52,54,28,29,30,31,1,34,2,36,3,38,5,41,42,43,44,45,46,47,48,49,50,51,6,53,7,55,56,57,58,59,60,61,62,62,62,62,62,62,62
19,37,19,36,45,29,44,18,38,27,46,28,41,30,15,17,35,1,20,21,22,23,24,25,26,54,56,58,60,31,33,34,2,3,5,6,39,7,42,43,8,9,10,47,48,49,50,51,52,53,11,55,12,57,13,59,14,61,62,62,62,62,62,62,62
20,20,14,21,28,29,15,22,12,13,25,27,17,18,19,37,41,42,23,24,48,26,52,54,56,30,33,34,35,36,1,38,3,5,7,43,44,45,46,47,8,49,50,51,10,53,11,55,39,57,58,59,60,61,62,62,62,62,62,62,62,62,62,62,62
21,53,21,45,52,61,29,60,20,37,13,54,3,14,41,15,36,19,39,42,22,23,24,25,1,55,56,58,2,31,33,34,35,7,5,38,6,26,8,43,44,9,46,47,48,49,50,51,10,11,12,27,28,57,30,59,17,18,62,62,62,62,62,62,62
22,38,22,23,30,37,46,15,28,14,29,39,5,56,31,17,35,19,20,21,44,47,24,25,26,27,57,58,60,62,33,34,1,36,2,3,9,41,42,43,6,45,7,8,48,49,50,51,52,53,54,55,18,10,11,59,12,61,13,13,13,13,13,13,13
23,23,15,30,22,31,7,8,9,10,11,12,13,14,60,17,18,19,20,21,44,46,24,25,26,27,28,29,61,62,33,34,35,36,37,38,39,41,42,43,1,45,2,47,48,49,50,51,52,53,54,55,56,57,58,59,3,5,6,6,6,6,6,6,6
24,48,11,24,10,56,7,8,9,20,22,12,13,14,15,17,18,19,39,21,44,23,49,25,26,27,28,29,30,31,33,34,35,36,37,38,1,41,42,43,2,45,46,47,3,5,50,51,52,53,54,55,6,57,58,59,60,61,62,62,62,62,62,62,62
25,25,39,33,38,17,41,34,26,27,11,12,13,14,15,1,18,19,20,21,22,23,24,50,52,54,28,29,30,31,2,3,35,36,37,5,6,7,42,43,44,45,46,47,48,49,8,51,9,53,10,55,56,57,58,59,60,61,62,62,62,62,62,62,62
26,26,34,27,18,35,19,25,1,42,9,33,17,14,15,2,5,37,39,21,22,23,24,50,52,54,28,29,30,31,3,10,6,7,8,38,36,41,20,43,44,45,46,47,48,49,11,51,12,53,13,55,56,57,58,59,60,61,62,62,62,62,62,62,62
27,27,17,35,26,28,34,19,36,25,18,10,44,29,15,33,1,37,39,21,22,23,24,50,52,54,56,58,30,31,2,3,5,6,7,38,8,41,42,43,9,45,46,47,48,49,20,51,11,53,12,55,13,57,14,59,60,61,62,62,62,62,62,62,62
28,28,36,27,20,29,6,37,35,26,7,15,52,14,30,17,18,19,39,21,44,23,24,25,53,54,56,58,60,31,33,34,1,2,3,38,5,41,42,43,11,45,46,47,48,49,50,51,13,8,9,55,10,57,22,59,12,61,62,62,62,62,62,62,62
29,29,30,31,37,28,22,23,21,38,36,39,15,34,60,17,18,19,20,42,44,46,24,25,26,27,56,58,61,62,33,1,35,2,3,5,6,41,7,43,8,45,9,47,48,49,50,51,52,53,54,55,10,57,11,59,12,13,14,14,14,14,14,14,14
30,29,30,31,37,28,22,23,21,38,36,39,15,34,60,17,18,19,20,42,44,46,24,25,26,27,56,58,61,62,33,1,35,2,3,5,6,41,7,43,8,45,9,47,48,49,50,51,52,53,54,55,10,57,11,59,12,13,14,14,14,14,14,14,14
31,29,30,31,37,28,22,23,21,38,36,39,15,34,60,17,18,19,20,42,44,46,24,25,26,27,56,58,61,62,33,1,35,2,3,5,6,41,7,43,8,45,9,47,48,49,50,51,52,53,54,55,10,57,11,59,12,13,14,14,14,14,14,14,14
33,44,43,33,36,35,45,52,51,42,56,34,41,53,50,27,26,58,48,49,28,37,60,25,1,54,57,29,30,31,2,3,5,6,7,38,39,8,9,10,11,12,46,47,13,14,15,17,18,19,20,55,21,22,23,59,24,61,62,62,62,62,62,62,62
34,34,57,42,62,26,35,33,58,49,36,41,27,28,25,50,53,19,20,21,22,23,24,51,52,54,56,29,30,31,1,2,3,5,37,38,39,6,7,43,44,45,46,47,48,8,9,10,11,12,13,55,14,15,17,59,60,61,18,18,18,18,18,18,18
35,35,47,36,27,34,43,42,46,44,26,28,39,14,15,17,18,19,20,21,22,23,24,25,52,54,56,29,30,31,33,1,2,3,37,38,5,41,6,7,8,45,9,10,48,49,50,51,11,53,12,55,13,57,58,59,60,61,62,62,62,62,62,62,62
36,36,35,44,28,37,45,29,43,27,21,22,47,60,15,17,18,19,20,42,1,23,24,25,26,54,56,58,30,31,33,34,2,3,5,38,39,41,6,7,8,9,46,10,48,49,50,51,52,53,11,55,12,57,13,59,14,61,62,62,62,62,62,62,62
37,37,19,36,45,29,44,18,38,27,46,28,41,30,15,17,35,1,20,21,22,23,24,25,26,54,56,58,60,31,33,34,2,3,5,6,39,7,42,43,8,9,10,47,48,49,50,51,52,53,11,55,12,57,13,59,14,61,62,62,62,62,62,62,62
38,38,22,23,30,37,46,15,28,14,29,39,5,56,31,17,35,19,20,21,44,47,24,25,26,27,57,58,60,62,33,34,1,36,2,3,9,41,42,43,6,45,7,8,48,49,50,51,52,53,54,55,18,10,11,59,12,61,13,13,13,13,13,13,13
39,25,39,33,38,17,41,34,26,27,11,12,13,14,15,1,18,19,20,21,22,23,24,50,52,54,28,29,30,31,2,3,35,36,37,5,6,7,42,43,44,45,46,47,48,49,8,51,9,53,10,55,56,57,58,59,60,61,62,62,62,62,62,62,62
40,0,0,0,0,0,0,0,0,0,0,0,0,0,0,0,0,0,0,0,0,0,0,0,0,0,0,0,0,0,0,0,0,0,0,0,0,0,0,0,0,0,0,0,0,0,0,0,0,0,0,0,0,0,0,0,0,0,0,0,0,0,0,0,0
41,41,54,42,33,49,34,62,53,25,52,45,37,55,50,17,18,19,20,21,22,23,24,51,26,27,28,29,30,31,1,2,35,36,3,38,39,5,6,43,44,7,46,47,48,8,9,10,11,12,13,14,56,57,58,59,60,61,15,15,15,15,15,15,15
42,42,60,12,43,34,50,59,52,41,61,51,35,33,11,15,5,20,39,21,44,23,48,25,26,27,28,29,1,31,2,3,9,6,37,38,7,8,18,10,22,45,46,47,24,49,13,14,30,53,54,55,56,57,58,17,36,19,62,62,62,62,62,62,62
43,44,43,33,36,35,45,52,51,42,56,34,41,53,50,27,26,58,48,49,28,37,60,25,1,54,57,29,30,31,2,3,5,6,7,38,39,8,9,10,11,12,46,47,13,14,15,17,18,19,20,55,21,22,23,59,24,61,62,62,62,62,62,62,62
44,44,43,33,36,35,45,52,51,42,56,34,41,53,50,27,26,58,48,49,28,37,60,25,1,54,57,29,30,31,2,3,5,6,7,38,39,8,9,10,11,12,46,47,13,14,15,17,18,19,20,55,21,22,23,59,24,61,62,62,62,62,62,62,62
45,45,44,37,53,9,46,36,10,43,61,12,13,14,15,17,35,19,39,21,22,23,24,25,26,27,28,29,30,31,33,34,1,2,3,38,5,41,42,6,7,8,18,47,48,49,50,51,52,20,54,55,56,57,58,59,60,11,62,62,62,62,62,62,62
46,46,58,45,59,50,38,57,53,60,11,12,13,14,15,17,18,19,20,21,22,23,24,25,26,27,28,29,30,31,33,34,35,36,37,1,39,41,42,43,44,2,3,47,48,49,5,51,52,6,54,55,56,7,8,9,10,61,62,62,62,62,62,62,62
47,35,47,36,27,34,43,42,46,44,26,28,39,14,15,17,18,19,20,21,22,23,24,25,52,54,56,29,30,31,33,1,2,3,37,38,5,41,6,7,8,45,9,10,48,49,50,51,11,53,12,55,13,57,58,59,60,61,62,62,62,62,62,62,62
48,48,11,24,10,56,7,8,9,20,22,12,13,14,15,17,18,19,39,21,44,23,49,25,26,27,28,29,30,31,33,34,35,36,37,38,1,41,42,43,2,45,46,47,3,5,50,51,52,53,54,55,6,57,58,59,60,61,62,62,62,62,62,62,62
49,51,15,49,50,43,52,59,57,23,41,58,42,44,33,35,14,45,20,21,22,46,24,25,26,27,56,29,60,31,1,34,2,36,37,38,39,3,5,6,7,8,9,47,48,10,11,12,13,53,54,55,28,30,17,18,19,61,62,62,62,62,62,62,62
50,50,42,51,58,49,43,57,3,59,41,44,52,14,15,17,18,19,20,21,22,23,24,25,53,27,28,29,30,31,33,34,35,36,37,38,39,1,2,7,5,45,46,47,48,6,13,8,9,10,54,55,56,11,12,26,60,61,62,62,62,62,62,62,62
51,51,15,49,50,43,52,59,57,23,41,58,42,44,33,35,14,45,20,21,22,46,24,25,26,27,56,29,60,31,1,34,2,36,37,38,39,3,5,6,7,8,9,47,48,10,11,12,13,53,54,55,28,30,17,18,19,61,62,62,62,62,62,62,62
52,52,44,53,51,60,45,46,50,37,61,12,13,14,15,17,18,19,20,21,22,23,24,25,26,27,28,29,30,31,33,34,35,36,1,38,39,41,42,43,2,3,5,47,48,49,6,7,8,9,54,55,56,57,58,59,10,11,62,62,62,62,62,62,62
53,53,21,45,52,61,29,60,20,37,13,54,3,14,41,15,36,19,39,42,22,23,24,25,1,55,56,58,2,31,33,34,35,7,5,38,6,26,8,43,44,9,46,47,48,49,50,51,10,11,12,27,28,57,30,59,17,18,62,62,62,62,62,62,62
54,41,54,42,33,49,34,62,53,25,52,45,37,55,50,17,18,19,20,21,22,23,24,51,26,27,28,29,30,31,1,2,35,36,3,38,39,5,6,43,44,7,46,47,48,8,9,10,11,12,13,14,56,57,58,59,60,61,15,15,15,15,15,15,15
55,61,55,60,53,38,45,47,52,10,11,12,13,14,15,17,18,19,20,21,22,23,24,25,26,27,28,29,30,31,33,34,35,36,37,1,39,41,42,43,44,2,46,3,48,49,50,51,5,6,54,7,56,57,58,59,8,9,62,62,62,62,62,62,62
56,44,43,33,36,35,45,52,51,42,56,34,41,53,50,27,26,58,48,49,28,37,60,25,1,54,57,29,30,31,2,3,5,6,7,38,39,8,9,10,11,12,46,47,13,14,15,17,18,19,20,55,21,22,23,59,24,61,62,62,62,62,62,62,62
57,34,57,42,62,26,35,33,58,49,36,41,27,28,25,50,53,19,20,21,22,23,24,51,52,54,56,29,30,31,1,2,3,5,37,38,39,6,7,43,44,45,46,47,48,8,9,10,11,12,13,55,14,15,17,59,60,61,18,18,18,18,18,18,18
58,46,58,45,59,50,38,57,53,60,11,12,13,14,15,17,18,19,20,21,22,23,24,25,26,27,28,29,30,31,33,34,35,36,37,1,39,41,42,43,44,2,3,47,48,49,5,51,52,6,54,55,56,7,8,9,10,61,62,62,62,62,62,62,62
59,59,58,51,60,50,52,42,61,10,11,12,13,14,15,17,18,19,20,21,22,23,24,25,26,27,28,29,30,31,33,34,35,36,37,38,39,41,1,43,44,45,46,47,48,49,2,3,5,53,54,55,56,57,6,7,8,9,62,62,62,62,62,62,62
60,42,60,12,43,34,50,59,52,41,61,51,35,33,11,15,5,20,39,21,44,23,48,25,26,27,28,29,1,31,2,3,9,6,37,38,7,8,18,10,22,45,46,47,24,49,13,14,30,53,54,55,56,57,58,17,36,19,62,62,62,62,62,62,62
61,61,55,60,53,38,45,47,52,10,11,12,13,14,15,17,18,19,20,21,22,23,24,25,26,27,28,29,30,31,33,34,35,36,37,1,39,41,42,43,44,2,46,3,48,49,50,51,5,6,54,7,56,57,58,59,8,9,62,62,62,62,62,62,62
62,34,57,42,62,26,35,33,58,49,36,41,27,28,25,50,53,19,20,21,22,23,24,51,52,54,56,29,30,31,1,2,3,5,37,38,39,6,7,43,44,45,46,47,48,8,9,10,11,12,13,55,14,15,17,59,60,61,18,18,18,18,18,18,18
63,0,0,0,0,0,0,0,0,0,0,0,0,0,0,0,0,0,0,0,0,0,0,0,0,0,0,0,0,0,0,0,0,0,0,0,0,0,0,0,0,0,0,0,0,0,0,0,0,0,0,0,0,0,0,0,0,0,0,0,0,0,0,0,0
64,0,0,0,0,0,0,0,0,0,0,0,0,0,0,0,0,0,0,0,0,0,0,0,0,0,0,0,0,0,0,0,0,0,0,0,0,0,0,0,0,0,0,0,0,0,0,0,0,0,0,0,0,0,0,0,0,0,0,0,0,0,0,0,0
