1,25,1,10,34,26,33,7,17,9,21,11,12,13,14,15,35,18,19,20,42,22,23,24,50,52,27,28,29,30,31,64,2,4,36,37,38,39,40,41,3,43,44,45,46,47,48,49,8,51,5,53,54,55,56,57,58,59,60,61,62,63,6,6,6
2,2,4,3,8,5,6,7,17,9,10,11,12,13,14,15,34,18,19,20,21,22,23,24,25,26,27,28,29,30,31,33,1,35,36,37,38,39,40,41,42,43,44,45,46,47,48,49,50,51,52,53,54,55,56,57,58,59,60,61,62,63,64,64,64
3,49,53,3,61,41,45,50,52,37,54,57,60,46,33,15,17,18,19,20,21,22,23,24,51,26,27,28,29,30,31,64,34,35,36,1,38,39,40,2,42,43,44,6,4,47,48,5,12,7,8,9,10,55,56,11,58,59,25,13,62,63,14,14,14
4,4,3,6,8,5,12,7,17,9,10,11,25,13,14,15,34,18,19,20,21,22,23,24,50,26,27,28,29,30,31,33,1,35,36,37,38,39,40,41,42,43,44,45,46,47,48,49,2,51,52,53,54,55,56,57,58,59,60,61,62,63,64,64,64
5,37,21,5,45,29,36,44,12,4,30,11,25,13,14,15,34,18,19,20,42,1,23,24,50,26,27,28,58,60,31,33,2,35,3,8,38,39,40,41,10,43,6,7,46,47,48,49,17,51,52,53,54,55,56,57,9,59,22,61,62,63,64,64,64
6,27,6,35,26,29,12,28,25,9,10,11,50,54,14,15,17,18,19,20,21,22,23,24,51,52,55,56,58,30,31,33,34,1,36,37,38,39,40,41,42,43,44,45,46,47,48,49,2,3,4,53,5,13,7,57,8,59,60,61,62,63,64,64,64
7,7,9,14,15,8,22,6,17,19,10,11,25,13,30,31,34,18,38,20,21,44,23,24,50,26,27,28,58,60,62,33,1,35,36,37,2,39,40,41,42,43,3,45,46,47,48,49,4,51,52,53,54,55,56,57,5,59,12,61,29,63,64,64,64
8,44,57,8,36,7,43,52,49,45,37,35,58,13,29,15,34,18,19,20,21,22,23,24,25,26,27,28,59,30,31,33,1,2,3,4,38,39,40,41,42,5,6,14,46,47,48,17,50,51,9,53,54,55,56,10,11,12,60,61,62,63,64,64,64
9,7,9,14,15,8,22,6,17,19,10,11,25,13,30,31,34,18,38,20,21,44,23,24,50,26,27,28,58,60,62,33,1,35,36,37,2,39,40,41,42,43,3,45,46,47,48,49,4,51,52,53,54,55,56,57,5,59,12,61,29,63,64,64,64
10,47,10,39,23,46,22,38,15,55,18,11,12,13,14,31,17,36,19,20,42,44,1,24,25,26,27,28,29,30,62,33,34,35,2,37,3,4,40,41,5,43,6,45,7,8,48,49,50,51,52,53,54,9,56,57,58,59,60,61,21,63,64,64,64
11,59,41,11,42,51,60,58,34,52,53,2,36,49,61,33,35,18,19,20,21,22,46,24,25,26,27,28,29,30,31,64,1,4,3,37,38,39,40,8,5,43,44,45,6,47,48,7,50,17,9,10,54,55,56,57,23,12,13,14,62,63,15,15,15
12,38,12,37,20,11,4,29,17,9,10,23,25,13,14,15,34,18,19,40,21,22,46,24,50,26,27,28,58,30,31,33,1,35,36,2,3,39,8,41,42,43,44,45,5,47,48,49,6,51,52,53,54,55,56,57,7,59,60,61,62,63,64,64,64
14,61,19,14,53,18,22,60,6,15,10,11,25,13,29,31,17,36,38,20,21,44,23,24,50,26,27,28,58,30,62,33,34,35,1,37,2,39,40,41,42,43,3,45,46,47,48,49,4,51,52,5,54,55,56,57,12,59,7,8,9,63,64,64,64
15,50,15,48,51,42,47,14,43,34,36,60,23,13,29,31,17,18,19,20,21,22,46,24,25,26,27,28,58,30,62,33,1,35,2,37,38,39,40,41,3,4,44,45,5,6,7,49,8,9,52,53,54,55,56,57,10,59,11,61,12,63,64,64,64
16,0,0,0,0,0,0,0,0,0,0,0,0,0,0,0,0,0,0,0,0,0,0,0,0,0,0,0,0,0,0,0,0,0,0,0,0,0,0,0,0,0,0,0,0,0,0,0,0,0,0,0,0,0,0,0,0,0,0,0,0,0,0,0,0
17,17,2,3,4,5,6,7,8,9,10,11,12,13,14,15,34,18,19,20,21,22,23,24,25,26,27,28,29,30,31,33,1,35,36,37,38,39,40,41,42,43,44,45,46,47,48,49,50,51,52,53,54,55,56,57,58,59,60,61,62,63,64,64,64
18,36,18,35,37,44,26,28,45,23,17,34,29,13,14,15,1,2,19,20,21,22,46,24,25,52,27,56,58,30,31,33,3,4,5,6,38,39,40,41,42,43,7,8,9,47,48,49,50,51,10,53,54,55,11,57,12,59,60,61,62,63,64,64,64
19,61,19,14,53,18,22,60,6,15,10,11,25,13,29,31,17,36,38,20,21,44,23,24,50,26,27,28,58,30,62,33,34,35,1,37,2,39,40,41,42,43,3,45,46,47,48,49,4,51,52,5,54,55,56,57,12,59,7,8,9,63,64,64,64
20,20,63,54,12,5,6,7,8,9,10,11,25,13,14,15,17,18,19,40,21,22,23,24,50,26,27,28,29,30,31,33,34,35,36,37,38,39,1,41,42,43,44,45,46,47,48,49,2,51,52,53,3,55,56,57,58,59,60,61,62,4,64,64,64
21,37,21,5,45,29,36,44,12,4,30,11,25,13,14,15,34,18,19,20,42,1,23,24,50,26,27,28,58,60,31,33,2,35,3,8,38,39,40,41,10,43,6,7,46,47,48,49,17,51,52,53,54,55,56,57,9,59,22,61,62,63,64,64,64
22,60,22,52,30,59,51,29,37,58,61,36,15,13,14,31,17,18,19,20,21,44,23,24,25,26,27,28,1,2,62,33,34,35,3,4,38,39,40,41,42,43,5,45,46,47,48,49,50,6,7,53,54,55,56,57,8,9,10,11,12,63,64,64,64
23,47,10,39,23,46,22,38,15,55,18,11,12,13,14,31,17,36,19,20,42,44,1,24,25,26,27,28,29,30,62,33,34,35,2,37,3,4,40,41,5,43,6,45,7,8,48,49,50,51,52,53,54,9,56,57,58,59,60,61,21,63,64,64,64
24,26,24,34,25,35,27,15,8,9,10,11,12,13,14,31,17,18,19,20,21,22,23,48,50,52,54,28,29,30,62,33,1,2,36,37,38,39,40,41,42,43,44,45,46,47,3,49,4,51,5,53,6,55,56,57,58,59,60,61,7,63,64,64,64
25,25,1,10,34,26,33,7,17,9,21,11,12,13,14,15,35,18,19,20,42,22,23,24,50,52,27,28,29,30,31,64,2,4,36,37,38,39,40,41,3,43,44,45,46,47,48,49,8,51,5,53,54,55,56,57,58,59,60,61,62,63,6,6,6
26,26,24,34,25,35,27,15,8,9,10,11,12,13,14,31,17,18,19,20,21,22,23,48,50,52,54,28,29,30,62,33,1,2,36,37,38,39,40,41,42,43,44,45,46,47,3,49,4,51,5,53,6,55,56,57,58,59,60,61,7,63,64,64,64
27,27,6,35,26,29,12,28,25,9,10,11,50,54,14,15,17,18,19,20,21,22,23,24,51,52,55,56,58,30,31,33,34,1,36,37,38,39,40,41,42,43,44,45,46,47,48,49,2,3,4,53,5,13,7,57,8,59,60,61,62,63,64,64,64
28,29,30,28,37,22,44,23,26,27,35,38,36,13,14,15,17,18,19,20,21,45,46,24,25,52,54,56,58,60,31,33,34,1,2,3,4,39,40,41,42,43,5,6,7,47,48,49,50,51,8,53,9,55,10,57,11,59,12,61,62,63,64,64,64
29,29,30,28,37,22,44,23,26,27,35,38,36,13,14,15,17,18,19,20,21,45,46,24,25,52,54,56,58,60,31,33,34,1,2,3,4,39,40,41,42,43,5,6,7,47,48,49,50,51,8,53,9,55,10,57,11,59,12,61,62,63,64,64,64
30,29,30,28,37,22,44,23,26,27,35,38,36,13,14,15,17,18,19,20,21,45,46,24,25,52,54,56,58,60,31,33,34,1,2,3,4,39,40,41,42,43,5,6,7,47,48,49,50,51,8,53,9,55,10,57,11,59,12,61,62,63,64,64,64
31,42,43,55,35,50,34,51,41,31,44,36,27,33,14,15,17,18,19,20,21,22,23,24,25,26,54,28,29,30,62,64,1,2,3,37,38,39,40,4,5,6,7,45,46,47,48,49,8,9,52,53,10,11,56,57,58,59,60,61,12,63,13,13,13
33,33,25,34,41,5,6,7,8,9,10,11,12,13,14,15,17,18,19,20,21,22,23,24,50,26,27,28,29,30,31,64,1,35,36,37,38,39,40,2,42,43,44,45,46,47,48,49,3,51,52,53,54,55,56,57,58,59,60,61,62,63,4,4,4
34,34,46,35,45,47,42,50,17,43,38,53,54,13,14,15,1,18,19,20,21,22,23,24,25,26,27,28,29,30,31,33,2,3,36,37,4,39,40,41,5,6,44,7,8,9,48,49,10,51,52,11,12,55,56,57,58,59,60,61,62,63,64,64,64
35,35,62,64,36,43,34,37,50,42,54,55,56,28,61,27,44,18,19,20,21,22,23,24,25,26,1,57,29,30,31,33,2,3,4,5,38,39,40,41,6,7,8,45,46,47,48,49,9,51,52,53,10,11,12,13,58,59,60,14,15,63,17,17,17
36,36,18,35,37,44,26,28,45,23,17,34,29,13,14,15,1,2,19,20,21,22,46,24,25,52,27,56,58,30,31,33,3,4,5,6,38,39,40,41,42,43,7,8,9,47,48,49,50,51,10,53,54,55,11,57,12,59,60,61,62,63,64,64,64
37,37,21,5,45,29,36,44,12,4,30,11,25,13,14,15,34,18,19,20,42,1,23,24,50,26,27,28,58,60,31,33,2,35,3,8,38,39,40,41,10,43,6,7,46,47,48,49,17,51,52,53,54,55,56,57,9,59,22,61,62,63,64,64,64
38,38,12,37,20,11,4,29,17,9,10,23,25,13,14,15,34,18,19,40,21,22,46,24,50,26,27,28,58,30,31,33,1,35,36,2,3,39,8,41,42,43,44,45,5,47,48,49,6,51,52,53,54,55,56,57,7,59,60,61,62,63,64,64,64
39,47,10,39,23,46,22,38,15,55,18,11,12,13,14,31,17,36,19,20,42,44,1,24,25,26,27,28,29,30,62,33,34,35,2,37,3,4,40,41,5,43,6,45,7,8,48,49,50,51,52,53,54,9,56,57,58,59,60,61,21,63,64,64,64
40,40,2,3,4,5,6,7,8,9,10,11,12,13,14,15,17,18,19,20,21,22,23,24,25,26,27,28,29,30,31,33,34,35,36,37,38,39,1,41,42,43,44,45,46,47,48,49,50,51,52,53,54,55,56,57,58,59,60,61,62,63,64,64,64
41,59,41,11,42,51,60,58,34,52,53,2,36,49,61,33,35,18,19,20,21,22,46,24,25,26,27,28,29,30,31,64,1,4,3,37,38,39,40,8,5,43,44,45,6,47,48,7,50,17,9,10,54,55,56,57,23,12,13,14,62,63,15,15,15
42,42,43,55,35,50,34,51,41,31,44,36,27,33,14,15,17,18,19,20,21,22,23,24,25,26,54,28,29,30,62,64,1,2,3,37,38,39,40,4,5,6,7,45,46,47,48,49,8,9,52,53,10,11,56,57,58,59,60,61,12,63,13,13,13
43,42,43,55,35,50,34,51,41,31,44,36,27,33,14,15,17,18,19,20,21,22,23,24,25,26,54,28,29,30,62,64,1,2,3,37,38,39,40,4,5,6,7,45,46,47,48,49,8,9,52,53,10,11,56,57,58,59,60,61,12,63,13,13,13
44,44,57,8,36,7,43,52,49,45,37,35,58,13,29,15,34,18,19,20,21,22,23,24,25,26,27,28,59,30,31,33,1,2,3,4,38,39,40,41,42,5,6,14,46,47,48,17,50,51,9,53,54,55,56,10,11,12,60,61,62,63,64,64,64
45,45,37,44,46,53,52,36,60,9,10,11,12,13,14,15,17,18,19,20,21,22,23,24,25,26,27,28,29,30,31,33,34,35,1,2,38,39,40,41,42,43,3,4,5,47,48,49,50,51,6,7,54,55,56,57,58,59,8,61,62,63,64,64,64
46,34,46,35,45,47,42,50,17,43,38,53,54,13,14,15,1,18,19,20,21,22,23,24,25,26,27,28,29,30,31,33,2,3,36,37,4,39,40,41,5,6,44,7,8,9,48,49,10,51,52,11,12,55,56,57,58,59,60,61,62,63,64,64,64
47,47,10,39,23,46,22,38,15,55,18,11,12,13,14,31,17,36,19,20,42,44,1,24,25,26,27,28,29,30,62,33,34,35,2,37,3,4,40,41,5,43,6,45,7,8,48,49,50,51,52,53,54,9,56,57,58,59,60,61,21,63,64,64,64
48,50,15,48,51,42,47,14,43,34,36,60,23,13,29,31,17,18,19,20,21,22,46,24,25,26,27,28,58,30,62,33,1,35,2,37,38,39,40,41,3,4,44,45,5,6,7,49,8,9,52,53,54,55,56,57,10,59,11,61,12,63,64,64,64
49,49,53,3,61,41,45,50,52,37,54,57,60,46,33,15,17,18,19,20,21,22,23,24,51,26,27,28,29,30,31,64,34,35,36,1,38,39,40,2,42,43,44,6,4,47,48,5,12,7,8,9,10,55,56,11,58,59,25,13,62,63,14,14,14
50,50,15,48,51,42,47,14,43,34,36,60,23,13,29,31,17,18,19,20,21,22,46,24,25,26,27,28,58,30,62,33,1,35,2,37,38,39,40,41,3,4,44,45,5,6,7,49,8,9,52,53,54,55,56,57,10,59,11,61,12,63,64,64,64
51,52,51,44,50,53,43,60,59,58,61,11,12,13,14,15,17,18,19,20,21,22,23,24,25,26,27,28,29,30,31,33,34,35,36,37,38,39,40,41,42,1,2,45,46,47,48,49,3,4,5,6,54,55,56,57,7,8,9,10,62,63,64,64,64
52,52,51,44,50,53,43,60,59,58,61,11,12,13,14,15,17,18,19,20,21,22,23,24,25,26,27,28,29,30,31,33,34,35,36,37,38,39,40,41,42,1,2,45,46,47,48,49,3,4,5,6,54,55,56,57,7,8,9,10,62,63,64,64,64
53,49,53,3,61,41,45,50,52,37,54,57,60,46,33,15,17,18,19,20,21,22,23,24,51,26,27,28,29,30,31,64,34,35,36,1,38,39,40,2,42,43,44,6,4,47,48,5,12,7,8,9,10,55,56,11,58,59,25,13,62,63,14,14,14
54,54,53,45,62,5,6,7,8,9,10,11,12,13,14,15,17,18,19,20,21,22,23,24,25,26,27,28,29,30,31,33,34,35,36,37,38,39,40,41,42,43,44,1,46,47,48,49,50,51,52,2,3,55,56,57,58,59,60,61,4,63,64,64,64
55,42,43,55,35,50,34,51,41,31,44,36,27,33,14,15,17,18,19,20,21,22,23,24,25,26,54,28,29,30,62,64,1,2,3,37,38,39,40,4,5,6,7,45,46,47,48,49,8,9,52,53,10,11,56,57,58,59,60,61,12,63,13,13,13
56,56,48,3,4,5,6,7,8,9,10,11,12,13,14,15,17,18,19,20,21,22,23,24,25,26,27,28,29,30,31,33,34,35,36,37,38,39,40,41,42,43,44,45,46,47,1,49,50,51,52,53,54,55,2,57,58,59,60,61,62,63,64,64,64
57,44,57,8,36,7,43,52,49,45,37,35,58,13,29,15,34,18,19,20,21,22,23,24,25,26,27,28,59,30,31,33,1,2,3,4,38,39,40,41,42,5,6,14,46,47,48,17,50,51,9,53,54,55,56,10,11,12,60,61,62,63,64,64,64
58,58,50,59,4,5,6,7,8,9,10,11,12,13,14,15,17,18,19,20,21,22,23,24,25,26,27,28,29,30,31,33,34,35,36,37,38,39,40,41,42,43,44,45,46,47,48,49,1,51,52,53,54,55,56,57,2,3,60,61,62,63,64,64,64
59,59,41,11,42,51,60,58,34,52,53,2,36,49,61,33,35,18,19,20,21,22,46,24,25,26,27,28,29,30,31,64,1,4,3,37,38,39,40,8,5,43,44,45,6,47,48,7,50,17,9,10,54,55,56,57,23,12,13,14,62,63,15,15,15
60,60,22,52,30,59,51,29,37,58,61,36,15,13,14,31,17,18,19,20,21,44,23,24,25,26,27,28,1,2,62,33,34,35,3,4,38,39,40,41,42,43,5,45,46,47,48,49,50,6,7,53,54,55,56,57,8,9,10,11,12,63,64,64,64
61,61,19,14,53,18,22,60,6,15,10,11,25,13,29,31,17,36,38,20,21,44,23,24,50,26,27,28,58,30,62,33,34,35,1,37,2,39,40,41,42,43,3,45,46,47,48,49,4,51,52,5,54,55,56,57,12,59,7,8,9,63,64,64,64
62,35,62,64,36,43,34,37,50,42,54,55,56,28,61,27,44,18,19,20,21,22,23,24,25,26,1,57,29,30,31,33,2,3,4,5,38,39,40,41,6,7,8,45,46,47,48,49,9,51,52,53,10,11,12,13,58,59,60,14,15,63,17,17,17
63,20,63,54,12,5,6,7,8,9,10,11,25,13,14,15,17,18,19,40,21,22,23,24,50,26,27,28,29,30,31,33,34,35,36,37,38,39,1,41,42,43,44,45,46,47,48,49,2,51,52,53,3,55,56,57,58,59,60,61,62,4,64,64,64
64,35,62,64,36,43,34,37,50,42,54,55,56,28,61,27,44,18,19,20,21,22,23,24,25,26,1,57,29,30,31,33,2,3,4,5,38,39,40,41,6,7,8,45,46,47,48,49,9,51,52,53,10,11,12,13,58,59,60,14,15,63,17,17,17
