1,22,1,30,15,23,29,37,14,21,11,10,2,31,17,18,36,38,41,42,44,25,26,27,53,54,56,58,32,33,34,35,3,6,8,39,19,7,28,43,9,45,46,47,48,49,50,51,20,40,12,55,13,57,52,59,60,61,62,64,64,64,64,64,64
2,2,10,11,19,7,8,9,20,21,12,13,14,15,17,18,36,38,40,22,23,25,26,27,28,29,30,31,32,33,34,35,1,37,6,39,3,41,42,43,44,45,46,47,48,49,50,51,52,53,54,55,56,57,58,59,60,61,62,64,64,64,64,64,64
3,51,47,50,3,43,59,52,46,48,38,2,60,15,17,18,36,20,21,22,23,25,26,27,53,29,30,31,32,33,34,35,1,37,6,39,40,41,42,8,44,45,10,7,14,49,9,19,11,12,54,55,56,57,58,13,28,61,62,64,64,64,64,64,64
4,0,0,0,0,0,0,0,0,0,0,0,0,0,0,0,0,0,0,0,0,0,0,0,0,0,0,0,0,0,0,0,0,0,0,0,0,0,0,0,0,0,0,0,0,0,0,0,0,0,0,0,0,0,0,0,0,0,0,0,0,0,0,0,0
5,0,0,0,0,0,0,0,0,0,0,0,0,0,0,0,0,0,0,0,0,0,0,0,0,0,0,0,0,0,0,0,0,0,0,0,0,0,0,0,0,0,0,0,0,0,0,0,0,0,0,0,0,0,0,0,0,0,0,0,0,0,0,0,0
6,6,7,13,10,12,8,9,19,11,23,26,14,15,17,18,36,20,21,22,44,25,48,27,28,29,30,31,32,33,34,35,1,37,38,39,40,41,42,43,2,45,46,47,3,49,50,51,52,53,54,55,56,57,58,59,60,61,62,64,64,64,64,64,64
7,7,9,15,14,6,8,17,19,11,23,13,29,30,32,18,36,20,21,22,44,25,26,27,52,54,56,31,60,33,34,35,1,37,38,39,40,41,42,43,2,45,46,47,48,49,50,51,3,53,10,55,12,57,58,59,28,61,62,64,64,64,64,64,64
8,42,55,34,8,41,50,43,7,35,54,26,33,15,17,18,19,20,21,22,44,25,48,27,52,29,30,31,32,62,1,2,36,37,38,39,40,3,6,12,14,45,46,47,9,49,10,51,11,53,23,13,56,57,58,59,60,61,28,64,64,64,64,64,64
9,7,9,15,14,6,8,17,19,11,23,13,29,30,32,18,36,20,21,22,44,25,26,27,52,54,56,31,60,33,34,35,1,37,38,39,40,41,42,43,2,45,46,47,48,49,50,51,3,53,10,55,12,57,58,59,28,61,62,64,64,64,64,64,64
10,45,37,10,44,36,53,46,29,52,28,18,30,61,47,1,2,20,40,22,23,25,26,27,6,54,56,31,32,33,3,35,11,7,38,39,8,41,42,43,9,19,21,12,48,49,50,51,13,14,15,55,17,57,58,59,60,34,62,64,64,64,64,64,64
11,26,57,11,39,49,27,34,10,50,12,58,25,47,38,35,18,42,30,43,37,33,48,51,28,29,56,31,32,62,2,3,6,7,8,9,19,41,21,23,13,45,14,15,17,1,36,20,52,53,54,55,40,22,44,59,60,61,46,64,64,64,64,64,64
12,36,12,35,44,37,28,29,45,20,34,15,14,30,17,18,19,38,21,22,1,25,26,27,52,54,56,31,32,33,2,3,6,7,8,39,40,41,42,43,9,10,46,47,48,49,50,51,11,53,23,55,13,57,58,59,60,61,62,64,64,64,64,64,64
13,18,13,26,19,21,27,20,17,11,12,48,14,15,32,34,36,38,40,22,23,25,49,50,28,29,30,31,60,33,1,35,2,37,3,39,6,41,42,43,44,45,46,47,7,8,9,51,52,53,54,55,56,57,58,59,10,61,62,64,64,64,64,64,64
14,46,48,14,45,22,47,43,37,56,12,13,28,15,17,18,19,20,21,42,23,25,26,27,52,29,30,31,32,33,34,35,36,1,38,39,40,41,2,3,44,6,7,8,9,49,50,51,10,53,54,55,11,57,58,59,60,61,62,64,64,64,64,64,64
15,15,23,25,22,14,26,29,30,17,31,37,33,56,32,18,19,20,21,42,44,46,48,27,52,54,57,58,60,62,34,35,36,1,38,39,40,41,2,43,3,45,6,47,7,49,50,51,8,53,9,55,10,11,12,59,13,61,28,64,64,64,64,64,64
16,0,0,0,0,0,0,0,0,0,0,0,0,0,0,0,0,0,0,0,0,0,0,0,0,0,0,0,0,0,0,0,0,0,0,0,0,0,0,0,0,0,0,0,0,0,0,0,0,0,0,0,0,0,0,0,0,0,0,0,0,0,0,0,0
17,34,17,42,35,26,33,27,25,50,49,44,14,15,32,18,19,20,21,22,23,46,48,51,28,29,30,31,60,62,1,2,36,37,38,39,40,41,3,43,6,45,7,47,8,9,10,11,52,53,54,55,56,57,58,59,12,61,13,64,64,64,64,64,64
18,18,13,26,19,21,27,20,17,11,12,48,14,15,32,34,36,38,40,22,23,25,49,50,28,29,30,31,60,33,1,35,2,37,3,39,6,41,42,43,44,45,46,47,7,8,9,51,52,53,54,55,56,57,58,59,10,61,62,64,64,64,64,64,64
19,50,19,42,51,58,49,27,3,57,43,59,18,36,12,20,41,38,21,22,44,25,26,1,52,29,30,31,32,33,2,35,8,6,7,39,40,14,9,10,11,45,46,47,48,23,13,28,15,53,54,55,56,17,34,37,60,61,62,64,64,64,64,64,64
20,35,20,61,36,43,27,28,34,60,26,53,13,21,42,12,6,29,19,44,45,25,49,50,52,54,30,31,32,33,2,3,10,7,8,39,9,41,37,11,23,48,46,47,14,15,17,51,18,1,38,55,56,57,58,59,40,22,62,64,64,64,64,64,64
21,58,21,29,50,59,51,57,22,20,15,60,14,30,17,18,19,38,40,42,23,25,26,27,28,54,56,31,32,33,34,35,36,37,1,39,2,41,3,43,44,45,46,47,48,49,6,7,52,53,8,55,9,10,11,12,13,61,62,64,64,64,64,64,64
22,22,1,30,15,23,29,37,14,21,11,10,2,31,17,18,36,38,41,42,44,25,26,27,53,54,56,58,32,33,34,35,3,6,8,39,19,7,28,43,9,45,46,47,48,49,50,51,20,40,12,55,13,57,52,59,60,61,62,64,64,64,64,64,64
23,15,23,25,22,14,26,29,30,17,31,37,33,56,32,18,19,20,21,42,44,46,48,27,52,54,57,58,60,62,34,35,36,1,38,39,40,41,2,43,3,45,6,47,7,49,50,51,8,53,9,55,10,11,12,59,13,61,28,64,64,64,64,64,64
24,0,0,0,0,0,0,0,0,0,0,0,0,0,0,0,0,0,0,0,0,0,0,0,0,0,0,0,0,0,0,0,0,0,0,0,0,0,0,0,0,0,0,0,0,0,0,0,0,0,0,0,0,0,0,0,0,0,0,0,0,0,0,0,0
25,15,23,25,22,14,26,29,30,17,31,37,33,56,32,18,19,20,21,42,44,46,48,27,52,54,57,58,60,62,34,35,36,1,38,39,40,41,2,43,3,45,6,47,7,49,50,51,8,53,9,55,10,11,12,59,13,61,28,64,64,64,64,64,64
26,26,57,11,39,49,27,34,10,50,12,58,25,47,38,35,18,42,30,43,37,33,48,51,28,29,56,31,32,62,2,3,6,7,8,9,19,41,21,23,13,45,14,15,17,1,36,20,52,53,54,55,40,22,44,59,60,61,46,64,64,64,64,64,64
27,28,27,35,26,36,29,37,1,18,19,34,20,30,15,2,6,39,21,22,23,25,48,50,52,54,56,58,32,33,3,10,7,8,9,38,40,41,42,43,44,45,46,47,11,49,12,51,13,53,14,55,31,57,17,59,60,61,62,64,64,64,64,64,64
28,28,27,35,26,36,29,37,1,18,19,34,20,30,15,2,6,39,21,22,23,25,48,50,52,54,56,58,32,33,3,10,7,8,9,38,40,41,42,43,44,45,46,47,11,49,12,51,13,53,14,55,31,57,17,59,60,61,62,64,64,64,64,64,64
29,29,43,37,35,51,28,42,30,50,44,36,22,21,23,34,38,58,15,1,45,25,26,27,52,54,56,59,32,33,2,3,6,7,8,39,9,41,10,11,12,13,46,47,48,49,14,31,17,53,18,55,19,57,20,40,60,61,62,64,64,64,64,64,64
30,41,30,53,29,45,64,42,52,61,40,33,49,22,38,37,54,21,60,34,46,39,26,27,28,55,56,31,32,62,2,35,36,3,6,7,8,9,10,11,44,12,13,47,48,14,50,51,15,17,18,19,20,57,58,59,1,43,23,25,25,25,25,25,25
31,59,31,60,51,58,39,35,52,38,45,30,14,15,17,18,19,20,21,22,23,25,26,27,28,29,56,1,32,33,34,2,36,37,3,6,40,41,42,43,44,7,46,47,48,49,50,8,9,53,54,55,10,57,11,12,13,61,62,64,64,64,64,64,64
32,44,52,36,45,43,32,35,51,37,53,30,46,15,17,18,19,20,21,22,23,25,26,27,28,29,56,31,60,33,34,1,2,3,38,39,40,41,42,6,7,8,9,47,48,49,50,10,11,12,54,55,13,57,58,59,14,61,62,64,64,64,64,64,64
33,60,33,62,52,59,53,34,41,61,25,51,54,58,26,18,19,20,21,22,23,46,48,27,28,29,30,31,32,64,1,35,36,37,38,39,40,2,42,43,44,45,3,47,6,49,50,7,8,9,10,55,56,57,11,12,13,14,15,17,17,17,17,17,17
34,34,17,42,35,26,33,27,25,50,49,44,14,15,32,18,19,20,21,22,23,46,48,51,28,29,30,31,60,62,1,2,36,37,38,39,40,41,3,43,6,45,7,47,8,9,10,11,52,53,54,55,56,57,58,59,12,61,13,64,64,64,64,64,64
35,35,20,61,36,43,27,28,34,60,26,53,13,21,42,12,6,29,19,44,45,25,49,50,52,54,30,31,32,33,2,3,10,7,8,39,9,41,37,11,23,48,46,47,14,15,17,51,18,1,38,55,56,57,58,59,40,22,62,64,64,64,64,64,64
36,36,12,35,44,37,28,29,45,20,34,15,14,30,17,18,19,38,21,22,1,25,26,27,52,54,56,31,32,33,2,3,6,7,8,39,40,41,42,43,9,10,46,47,48,49,50,51,11,53,23,55,13,57,58,59,60,61,62,64,64,64,64,64,64
37,45,37,10,44,36,53,46,29,52,28,18,30,61,47,1,2,20,40,22,23,25,26,27,6,54,56,31,32,33,3,35,11,7,38,39,8,41,42,43,9,19,21,12,48,49,50,51,13,14,15,55,17,57,58,59,60,34,62,64,64,64,64,64,64
38,38,46,37,30,36,55,45,10,11,12,13,14,15,17,18,19,20,21,22,23,25,26,27,28,29,56,31,32,33,34,35,1,2,3,39,40,41,42,43,44,6,7,47,48,49,50,51,52,53,54,8,9,57,58,59,60,61,62,64,64,64,64,64,64
39,26,57,11,39,49,27,34,10,50,12,58,25,47,38,35,18,42,30,43,37,33,48,51,28,29,56,31,32,62,2,3,6,7,8,9,19,41,21,23,13,45,14,15,17,1,36,20,52,53,54,55,40,22,44,59,60,61,46,64,64,64,64,64,64
40,41,30,53,29,45,64,42,52,61,40,33,49,22,38,37,54,21,60,34,46,39,26,27,28,55,56,31,32,62,2,35,36,3,6,7,8,9,10,11,44,12,13,47,48,14,50,51,15,17,18,19,20,57,58,59,1,43,23,25,25,25,25,25,25
41,41,30,53,29,45,64,42,52,61,40,33,49,22,38,37,54,21,60,34,46,39,26,27,28,55,56,31,32,62,2,35,36,3,6,7,8,9,10,11,44,12,13,47,48,14,50,51,15,17,18,19,20,57,58,59,1,43,23,25,25,25,25,25,25
42,42,55,34,8,41,50,43,7,35,54,26,33,15,17,18,19,20,21,22,44,25,48,27,52,29,30,31,32,62,1,2,36,37,38,39,40,3,6,12,14,45,46,47,9,49,10,51,11,53,23,13,56,57,58,59,60,61,28,64,64,64,64,64,64
43,29,43,37,35,51,28,42,30,50,44,36,22,21,23,34,38,58,15,1,45,25,26,27,52,54,56,59,32,33,2,3,6,7,8,39,9,41,10,11,12,13,46,47,48,49,14,31,17,53,18,55,19,57,20,40,60,61,62,64,64,64,64,64,64
44,44,52,36,45,43,32,35,51,37,53,30,46,15,17,18,19,20,21,22,23,25,26,27,28,29,56,31,60,33,34,1,2,3,38,39,40,41,42,6,7,8,9,47,48,49,50,10,11,12,54,55,13,57,58,59,14,61,62,64,64,64,64,64,64
45,45,37,10,44,36,53,46,29,52,28,18,30,61,47,1,2,20,40,22,23,25,26,27,6,54,56,31,32,33,3,35,11,7,38,39,8,41,42,43,9,19,21,12,48,49,50,51,13,14,15,55,17,57,58,59,60,34,62,64,64,64,64,64,64
46,46,48,14,45,22,47,43,37,56,12,13,28,15,17,18,19,20,21,42,23,25,26,27,52,29,30,31,32,33,34,35,36,1,38,39,40,41,2,3,44,6,7,8,9,49,50,51,10,53,54,55,11,57,58,59,60,61,62,64,64,64,64,64,64
47,51,47,50,3,43,59,52,46,48,38,2,60,15,17,18,36,20,21,22,23,25,26,27,53,29,30,31,32,33,34,35,1,37,6,39,40,41,42,8,44,45,10,7,14,49,9,19,11,12,54,55,56,57,58,13,28,61,62,64,64,64,64,64,64
48,46,48,14,45,22,47,43,37,56,12,13,28,15,17,18,19,20,21,42,23,25,26,27,52,29,30,31,32,33,34,35,36,1,38,39,40,41,2,3,44,6,7,8,9,49,50,51,10,53,54,55,11,57,58,59,60,61,62,64,64,64,64,64,64
49,49,41,50,57,7,8,9,10,11,12,13,14,15,17,18,19,20,21,22,23,25,26,27,28,29,30,31,32,33,34,35,36,37,38,39,40,1,42,43,44,45,46,47,48,2,3,51,52,53,54,55,56,6,58,59,60,61,62,64,64,64,64,64,64
50,50,19,42,51,58,49,27,3,57,43,59,18,36,12,20,41,38,21,22,44,25,26,1,52,29,30,31,32,33,2,35,8,6,7,39,40,14,9,10,11,45,46,47,48,23,13,28,15,53,54,55,56,17,34,37,60,61,62,64,64,64,64,64,64
51,51,47,50,3,43,59,52,46,48,38,2,60,15,17,18,36,20,21,22,23,25,26,27,53,29,30,31,32,33,34,35,1,37,6,39,40,41,42,8,44,45,10,7,14,49,9,19,11,12,54,55,56,57,58,13,28,61,62,64,64,64,64,64,64
52,52,51,44,60,53,45,9,10,11,12,13,14,15,17,18,19,20,21,22,23,25,26,27,28,29,30,31,32,33,34,35,36,37,38,39,40,41,42,43,1,2,46,47,48,49,50,3,6,7,54,55,56,57,58,59,8,61,62,64,64,64,64,64,64
53,41,30,53,29,45,64,42,52,61,40,33,49,22,38,37,54,21,60,34,46,39,26,27,28,55,56,31,32,62,2,35,36,3,6,7,8,9,10,11,44,12,13,47,48,14,50,51,15,17,18,19,20,57,58,59,1,43,23,25,25,25,25,25,25
54,54,53,45,61,7,8,9,10,11,12,13,14,15,17,18,19,20,21,22,23,25,26,27,28,29,30,31,32,33,34,35,36,37,38,39,40,41,42,43,44,1,46,47,48,49,50,51,52,2,3,55,56,57,58,59,60,6,62,64,64,64,64,64,64
55,42,55,34,8,41,50,43,7,35,54,26,33,15,17,18,19,20,21,22,44,25,48,27,52,29,30,31,32,62,1,2,36,37,38,39,40,3,6,12,14,45,46,47,9,49,10,51,11,53,23,13,56,57,58,59,60,61,28,64,64,64,64,64,64
56,56,48,46,6,7,8,9,10,11,12,13,14,15,17,18,19,20,21,22,23,25,26,27,28,29,30,31,32,33,34,35,36,37,38,39,40,41,42,43,44,45,1,47,2,49,50,51,52,53,54,55,3,57,58,59,60,61,62,64,64,64,64,64,64
57,26,57,11,39,49,27,34,10,50,12,58,25,47,38,35,18,42,30,43,37,33,48,51,28,29,56,31,32,62,2,3,6,7,8,9,19,41,21,23,13,45,14,15,17,1,36,20,52,53,54,55,40,22,44,59,60,61,46,64,64,64,64,64,64
58,58,21,29,50,59,51,57,22,20,15,60,14,30,17,18,19,38,40,42,23,25,26,27,28,54,56,31,32,33,34,35,36,37,1,39,2,41,3,43,44,45,46,47,48,49,6,7,52,53,8,55,9,10,11,12,13,61,62,64,64,64,64,64,64
59,59,31,60,51,58,39,35,52,38,45,30,14,15,17,18,19,20,21,22,23,25,26,27,28,29,56,1,32,33,34,2,36,37,3,6,40,41,42,43,44,7,46,47,48,49,50,8,9,53,54,55,10,57,11,12,13,61,62,64,64,64,64,64,64
60,60,33,62,52,59,53,34,41,61,25,51,54,58,26,18,19,20,21,22,23,46,48,27,28,29,30,31,32,64,1,35,36,37,38,39,40,2,42,43,44,45,3,47,6,49,50,7,8,9,10,55,56,57,11,12,13,14,15,17,17,17,17,17,17
61,35,20,61,36,43,27,28,34,60,26,53,13,21,42,12,6,29,19,44,45,25,49,50,52,54,30,31,32,33,2,3,10,7,8,39,9,41,37,11,23,48,46,47,14,15,17,51,18,1,38,55,56,57,58,59,40,22,62,64,64,64,64,64,64
62,60,33,62,52,59,53,34,41,61,25,51,54,58,26,18,19,20,21,22,23,46,48,27,28,29,30,31,32,64,1,35,36,37,38,39,40,2,42,43,44,45,3,47,6,49,50,7,8,9,10,55,56,57,11,12,13,14,15,17,17,17,17,17,17
63,0,0,0,0,0,0,0,0,0,0,0,0,0,0,0,0,0,0,0,0,0,0,0,0,0,0,0,0,0,0,0,0,0,0,0,0,0,0,0,0,0,0,0,0,0,0,0,0,0,0,0,0,0,0,0,0,0,0,0,0,0,0,0,0
64,41,30,53,29,45,64,42,52,61,40,33,49,22,38,37,54,21,60,34,46,39,26,27,28,55,56,31,32,62,2,35,36,3,6,7,8,9,10,11,44,12,13,47,48,14,50,51,15,17,18,19,20,57,58,59,1,43,23,25,25,25,25,25,25
