1,0,0,0,0,0,0,0,0,0,0,0,0,0,0,0,0,0,0,0,0,0,0,0,0,0,0,0,0,0,0,0,0,0,0,0,0,0,0,0,0,0,0,0,0,0,0,0,0,0,0,0,0,0,0,0,0,0,0,0,0,0,0,0,0
2,0,0,0,0,0,0,0,0,0,0,0,0,0,0,0,0,0,0,0,0,0,0,0,0,0,0,0,0,0,0,0,0,0,0,0,0,0,0,0,0,0,0,0,0,0,0,0,0,0,0,0,0,0,0,0,0,0,0,0,0,0,0,0,0
3,52,3,48,44,60,53,47,20,11,12,14,15,17,18,19,38,21,22,23,25,26,27,28,29,30,31,33,34,35,36,37,1,39,40,41,42,43,5,45,46,4,10,49,50,51,7,8,54,55,56,57,58,59,9,61,62,62,62,62,62,62,62,62,62
4,19,4,18,5,7,15,9,10,11,12,14,29,17,34,36,20,21,22,23,25,26,27,28,54,30,31,33,62,35,1,37,38,39,40,41,42,43,44,45,46,47,48,49,50,51,52,53,3,55,56,57,58,59,60,61,8,8,8,8,8,8,8,8,8
5,36,20,62,44,37,5,35,28,29,45,21,12,54,51,19,39,40,22,23,46,26,27,52,55,30,31,33,34,1,3,4,10,7,8,41,42,43,9,38,11,47,48,49,50,25,14,53,15,17,56,57,58,59,60,61,18,18,18,18,18,18,18,18,18
6,0,0,0,0,0,0,0,0,0,0,0,0,0,0,0,0,0,0,0,0,0,0,0,0,0,0,0,0,0,0,0,0,0,0,0,0,0,0,0,0,0,0,0,0,0,0,0,0,0,0,0,0,0,0,0,0,0,0,0,0,0,0,0,0
7,7,9,8,5,12,15,18,10,11,25,14,29,17,34,19,20,21,22,23,46,26,27,28,54,30,31,33,62,35,36,37,38,39,40,41,42,43,44,45,1,47,48,49,50,51,52,53,3,55,56,57,58,59,60,61,4,4,4,4,4,4,4,4,4
8,43,8,56,42,35,51,44,41,53,12,14,29,17,18,19,20,21,22,23,25,26,27,28,54,30,31,33,34,1,36,37,38,39,40,3,4,5,7,45,46,47,48,49,50,15,52,9,10,55,11,57,58,59,60,61,62,62,62,62,62,62,62,62,62
9,7,9,8,5,12,15,18,10,11,25,14,29,17,34,19,20,21,22,23,46,26,27,28,54,30,31,33,62,35,36,37,38,39,40,41,42,43,44,45,1,47,48,49,50,51,52,53,3,55,56,57,58,59,60,61,4,4,4,4,4,4,4,4,4
10,46,38,10,47,45,19,9,20,11,12,14,15,17,18,36,39,21,22,23,25,26,27,28,29,30,31,33,34,35,1,37,3,4,40,41,42,43,44,5,7,8,48,49,50,51,52,53,54,55,56,57,58,59,60,61,62,62,62,62,62,62,62,62,62
11,11,58,26,40,50,28,57,27,34,12,14,15,17,18,19,20,21,42,23,25,48,51,52,29,30,31,33,62,35,36,37,38,39,1,41,3,43,44,45,46,47,4,49,5,7,8,53,54,55,56,9,10,59,60,61,22,22,22,22,22,22,22,22,22
12,37,12,29,45,36,38,44,46,28,11,14,15,17,18,19,20,21,42,23,47,26,27,52,54,30,31,33,34,35,1,3,4,39,40,41,5,43,7,8,9,10,48,49,50,51,22,53,25,55,56,57,58,59,60,61,62,62,62,62,62,62,62,62,62
13,0,0,0,0,0,0,0,0,0,0,0,0,0,0,0,0,0,0,0,0,0,0,0,0,0,0,0,0,0,0,0,0,0,0,0,0,0,0,0,0,0,0,0,0,0,0,0,0,0,0,0,0,0,0,0,0,0,0,0,0,0,0,0,0
14,0,0,0,0,0,0,0,0,0,0,0,0,0,0,0,0,0,0,0,0,0,0,0,0,0,0,0,0,0,0,0,0,0,0,0,0,0,0,0,0,0,0,0,0,0,0,0,0,0,0,0,0,0,0,0,0,0,0,0,0,0,0,0,0
15,15,25,23,7,12,8,9,10,11,26,14,29,17,18,19,20,21,22,44,46,48,27,28,54,30,31,33,34,35,36,37,38,39,40,41,42,43,1,45,3,47,4,49,50,51,52,53,5,55,56,57,58,59,60,61,62,62,62,62,62,62,62,62,62
16,0,0,0,0,0,0,0,0,0,0,0,0,0,0,0,0,0,0,0,0,0,0,0,0,0,0,0,0,0,0,0,0,0,0,0,0,0,0,0,0,0,0,0,0,0,0,0,0,0,0,0,0,0,0,0,0,0,0,0,0,0,0,0,0
17,17,3,4,5,7,8,9,10,11,12,14,15,31,18,19,20,21,22,23,25,26,27,28,29,30,58,33,34,35,36,37,38,39,40,41,42,43,44,45,46,47,48,49,50,51,52,53,54,55,56,57,1,59,60,61,62,62,62,62,62,62,62,62,62
18,60,18,52,19,53,59,10,61,26,12,14,15,17,34,36,38,21,22,23,25,48,27,28,29,30,31,33,62,35,1,37,3,39,40,41,42,43,44,45,46,47,4,49,50,51,5,7,54,55,56,57,58,8,9,20,11,11,11,11,11,11,11,11,11
19,19,4,18,5,7,15,9,10,11,12,14,29,17,34,36,20,21,22,23,25,26,27,28,54,30,31,33,62,35,1,37,38,39,40,41,42,43,44,45,46,47,48,49,50,51,52,53,3,55,56,57,58,59,60,61,8,8,8,8,8,8,8,8,8
20,36,20,62,44,37,5,35,28,29,45,21,12,54,51,19,39,40,22,23,46,26,27,52,55,30,31,33,34,1,3,4,10,7,8,41,42,43,9,38,11,47,48,49,50,25,14,53,15,17,56,57,58,59,60,61,18,18,18,18,18,18,18,18,18
21,59,21,51,60,20,29,9,10,11,12,14,15,17,18,19,38,40,22,23,25,26,27,28,54,30,31,33,34,35,36,37,1,39,3,41,42,43,44,45,46,47,48,49,50,4,52,53,5,55,56,57,58,7,8,61,62,62,62,62,62,62,62,62,62
22,22,1,4,10,7,8,9,20,11,12,14,15,17,18,19,38,21,42,23,25,26,27,28,29,30,31,33,34,35,36,37,3,39,40,41,5,43,44,45,46,47,48,49,50,51,52,53,54,55,56,57,58,59,60,61,62,62,62,62,62,62,62,62,62
23,15,25,23,7,12,8,9,10,11,26,14,29,17,18,19,20,21,22,44,46,48,27,28,54,30,31,33,34,35,36,37,38,39,40,41,42,43,1,45,3,47,4,49,50,51,52,53,5,55,56,57,58,59,60,61,62,62,62,62,62,62,62,62,62
24,0,0,0,0,0,0,0,0,0,0,0,0,0,0,0,0,0,0,0,0,0,0,0,0,0,0,0,0,0,0,0,0,0,0,0,0,0,0,0,0,0,0,0,0,0,0,0,0,0,0,0,0,0,0,0,0,0,0,0,0,0,0,0,0
25,15,25,23,7,12,8,9,10,11,26,14,29,17,18,19,20,21,22,44,46,48,27,28,54,30,31,33,34,35,36,37,38,39,40,41,42,43,1,45,3,47,4,49,50,51,52,53,5,55,56,57,58,59,60,61,62,62,62,62,62,62,62,62,62
26,11,58,26,40,50,28,57,27,34,12,14,15,17,18,19,20,21,42,23,25,48,51,52,29,30,31,33,62,35,36,37,38,39,1,41,3,43,44,45,46,47,4,49,5,7,8,53,54,55,56,9,10,59,60,61,22,22,22,22,22,22,22,22,22
27,28,27,36,20,35,29,19,10,11,12,14,15,17,18,37,38,21,22,23,25,26,50,52,54,30,31,33,34,1,3,4,5,39,40,41,42,43,44,45,46,47,48,49,7,51,8,53,9,55,56,57,58,59,60,61,62,62,62,62,62,62,62,62,62
28,28,27,36,20,35,29,19,10,11,12,14,15,17,18,37,38,21,22,23,25,26,50,52,54,30,31,33,34,1,3,4,5,39,40,41,42,43,44,45,46,47,48,49,7,51,8,53,9,55,56,57,58,59,60,61,62,62,62,62,62,62,62,62,62
29,44,29,45,36,52,43,37,30,20,46,53,47,17,18,19,39,21,22,25,26,27,28,54,55,31,33,34,35,1,3,38,4,40,41,42,5,7,8,9,10,48,49,50,51,11,12,14,15,56,57,58,59,60,61,62,62,62,62,62,62,62,62,62,62
30,30,42,54,41,43,29,34,22,11,12,14,15,17,18,19,20,21,1,23,25,26,27,28,55,56,31,33,62,35,36,37,38,39,40,3,4,5,44,45,46,47,48,49,50,51,52,53,7,8,9,57,58,59,60,61,10,10,10,10,10,10,10,10,10
31,31,3,4,5,7,8,9,10,11,12,14,15,17,18,19,20,21,22,23,25,26,27,28,29,30,58,33,34,35,36,37,38,39,40,41,42,43,44,45,46,47,48,49,50,51,52,53,54,55,56,57,1,59,60,61,62,62,62,62,62,62,62,62,62
33,45,35,41,33,36,53,46,37,42,27,49,43,44,34,19,20,21,22,23,25,26,50,28,29,30,31,60,62,1,3,4,38,39,40,5,7,8,9,10,11,47,48,12,14,51,52,15,54,55,56,57,58,59,17,61,18,18,18,18,18,18,18,18,18
34,34,61,35,42,37,33,9,10,11,12,14,15,17,18,19,20,21,22,25,26,27,28,29,30,31,59,62,1,36,3,38,39,40,41,4,43,44,45,46,47,48,49,50,51,52,53,54,55,56,57,58,5,60,7,8,8,8,8,8,8,8,8,8,8
35,45,35,41,33,36,53,46,37,42,27,49,43,44,34,19,20,21,22,23,25,26,50,28,29,30,31,60,62,1,3,4,38,39,40,5,7,8,9,10,11,47,48,12,14,51,52,15,54,55,56,57,58,59,17,61,18,18,18,18,18,18,18,18,18
36,36,20,62,44,37,5,35,28,29,45,21,12,54,51,19,39,40,22,23,46,26,27,52,55,30,31,33,34,1,3,4,10,7,8,41,42,43,9,38,11,47,48,49,50,25,14,53,15,17,56,57,58,59,60,61,18,18,18,18,18,18,18,18,18
37,37,12,29,45,36,38,44,46,28,11,14,15,17,18,19,20,21,42,23,47,26,27,52,54,30,31,33,34,35,1,3,4,39,40,41,5,43,7,8,9,10,48,49,50,51,22,53,25,55,56,57,58,59,60,61,62,62,62,62,62,62,62,62,62
38,46,38,10,47,45,19,9,20,11,12,14,15,17,18,36,39,21,22,23,25,26,27,28,29,30,31,33,34,35,1,37,3,4,40,41,42,43,44,5,7,8,48,49,50,51,52,53,54,55,56,57,58,59,60,61,62,62,62,62,62,62,62,62,62
39,39,3,4,5,7,8,9,10,11,12,14,15,17,18,19,20,21,22,23,25,26,27,28,29,30,31,33,34,35,36,37,38,1,40,41,42,43,44,45,46,47,48,49,50,51,52,53,54,55,56,57,58,59,60,61,62,62,62,62,62,62,62,62,62
40,11,58,26,40,50,28,57,27,34,12,14,15,17,18,19,20,21,42,23,25,48,51,52,29,30,31,33,62,35,36,37,38,39,1,41,3,43,44,45,46,47,4,49,5,7,8,53,54,55,56,9,10,59,60,61,22,22,22,22,22,22,22,22,22
41,45,35,41,33,36,53,46,37,42,27,49,43,44,34,19,20,21,22,23,25,26,50,28,29,30,31,60,62,1,3,4,38,39,40,5,7,8,9,10,11,47,48,12,14,51,52,15,54,55,56,57,58,59,17,61,18,18,18,18,18,18,18,18,18
42,30,42,54,41,43,29,34,22,11,12,14,15,17,18,19,20,21,1,23,25,26,27,28,55,56,31,33,62,35,36,37,38,39,40,3,4,5,44,45,46,47,48,49,50,51,52,53,7,8,9,57,58,59,60,61,10,10,10,10,10,10,10,10,10
43,43,8,56,42,35,51,44,41,53,12,14,29,17,18,19,20,21,22,23,25,26,27,28,54,30,31,33,34,1,36,37,38,39,40,3,4,5,7,45,46,47,48,49,50,15,52,9,10,55,11,57,58,59,60,61,62,62,62,62,62,62,62,62,62
44,44,29,45,36,52,43,37,30,20,53,46,47,17,18,19,38,21,22,23,25,26,27,28,54,56,31,33,34,35,1,3,4,39,40,41,42,5,7,8,9,10,48,49,50,51,11,12,14,55,15,57,58,59,60,61,62,62,62,62,62,62,62,62,62
45,45,35,41,33,36,53,46,37,42,27,49,43,44,34,19,20,21,22,23,25,26,50,28,29,30,31,60,62,1,3,4,38,39,40,5,7,8,9,10,11,47,48,12,14,51,52,15,54,55,56,57,58,59,17,61,18,18,18,18,18,18,18,18,18
46,46,38,10,47,45,19,9,20,11,12,14,15,17,18,36,39,21,22,23,25,26,27,28,29,30,31,33,34,35,1,37,3,4,40,41,42,43,44,5,7,8,48,49,50,51,52,53,54,55,56,57,58,59,60,61,62,62,62,62,62,62,62,62,62
47,47,49,50,48,42,41,14,54,15,57,27,29,17,18,19,20,21,22,23,25,26,51,28,55,30,31,33,34,35,36,37,38,39,40,1,3,43,44,45,46,4,5,7,8,9,52,53,10,11,56,12,58,59,60,61,62,62,62,62,62,62,62,62,62
48,52,3,48,44,60,53,47,20,11,12,14,15,17,18,19,38,21,22,23,25,26,27,28,29,30,31,33,34,35,36,37,1,39,40,41,42,43,5,45,46,4,10,49,50,51,7,8,54,55,56,57,58,59,9,61,62,62,62,62,62,62,62,62,62
49,47,49,50,48,42,41,14,54,15,57,27,29,17,18,19,20,21,22,23,25,26,51,28,55,30,31,33,34,35,36,37,38,39,40,1,3,43,44,45,46,4,5,7,8,9,52,53,10,11,56,12,58,59,60,61,62,62,62,62,62,62,62,62,62
50,51,50,52,42,43,49,36,41,35,59,14,15,17,18,19,20,21,22,23,25,26,27,28,29,30,31,33,34,1,3,37,38,39,40,4,5,7,44,45,46,47,48,8,9,10,11,53,54,55,56,57,58,12,60,61,62,62,62,62,62,62,62,62,62
51,51,50,52,42,43,49,36,41,35,59,14,15,17,18,19,20,21,22,23,25,26,27,28,29,30,31,33,34,1,3,37,38,39,40,4,5,7,44,45,46,47,48,8,9,10,11,53,54,55,56,57,58,12,60,61,62,62,62,62,62,62,62,62,62
52,52,3,48,44,60,53,47,20,11,12,14,15,17,18,19,38,21,22,23,25,26,27,28,29,30,31,33,34,35,36,37,1,39,40,41,42,43,5,45,46,4,10,49,50,51,7,8,54,55,56,57,58,59,9,61,62,62,62,62,62,62,62,62,62
53,53,45,52,62,7,8,9,10,11,12,14,15,17,18,19,20,21,22,23,25,26,27,28,29,30,31,33,34,35,36,37,38,39,40,41,42,43,44,1,46,47,48,49,50,51,3,4,54,55,56,57,58,59,60,61,5,5,5,5,5,5,5,5,5
54,30,42,54,41,43,29,34,22,11,12,14,15,17,18,19,20,21,1,23,25,26,27,28,55,56,31,33,62,35,36,37,38,39,40,3,4,5,44,45,46,47,48,49,50,51,52,53,7,8,9,57,58,59,60,61,10,10,10,10,10,10,10,10,10
55,55,56,4,5,7,8,9,10,11,12,14,15,17,18,19,20,21,22,23,25,26,27,28,29,30,31,33,34,35,36,37,38,39,40,41,42,43,44,45,46,47,48,49,50,51,52,53,54,1,3,57,58,59,60,61,62,62,62,62,62,62,62,62,62
56,43,8,56,42,35,51,44,41,53,12,14,29,17,18,19,20,21,22,23,25,26,27,28,54,30,31,33,34,1,36,37,38,39,40,3,4,5,7,45,46,47,48,49,50,15,52,9,10,55,11,57,58,59,60,61,62,62,62,62,62,62,62,62,62
57,57,50,49,5,7,8,9,10,11,12,14,15,17,18,19,20,21,22,23,25,26,27,28,29,30,31,33,34,35,36,37,38,39,40,41,42,43,44,45,46,47,48,1,3,51,52,53,54,55,56,4,58,59,60,61,62,62,62,62,62,62,62,62,62
58,11,58,26,40,50,28,57,27,34,12,14,15,17,18,19,20,21,42,23,25,48,51,52,29,30,31,33,62,35,36,37,38,39,1,41,3,43,44,45,46,47,4,49,5,7,8,53,54,55,56,9,10,59,60,61,22,22,22,22,22,22,22,22,22
59,59,21,51,60,20,29,9,10,11,12,14,15,17,18,19,38,40,22,23,25,26,27,28,54,30,31,33,34,35,36,37,1,39,3,41,42,43,44,45,46,47,48,49,50,4,52,53,5,55,56,57,58,7,8,61,62,62,62,62,62,62,62,62,62
60,60,18,52,19,53,59,10,61,26,12,14,15,17,34,36,38,21,22,23,25,48,27,28,29,30,31,33,62,35,1,37,3,39,40,41,42,43,44,45,46,47,4,49,50,51,5,7,54,55,56,57,58,8,9,20,11,11,11,11,11,11,11,11,11
61,34,61,35,42,37,33,9,10,11,12,14,15,17,18,19,20,21,22,23,25,26,27,28,29,30,31,60,62,1,36,3,38,39,40,41,4,43,44,45,46,47,48,49,50,51,52,53,54,55,56,57,58,59,5,7,8,8,8,8,8,8,8,8,8
62,36,20,62,44,37,5,35,28,29,45,21,12,54,51,19,39,40,22,23,46,26,27,52,55,30,31,33,34,1,3,4,10,7,8,41,42,43,9,38,11,47,48,49,50,25,14,53,15,17,56,57,58,59,60,61,18,18,18,18,18,18,18,18,18
63,0,0,0,0,0,0,0,0,0,0,0,0,0,0,0,0,0,0,0,0,0,0,0,0,0,0,0,0,0,0,0,0,0,0,0,0,0,0,0,0,0,0,0,0,0,0,0,0,0,0,0,0,0,0,0,0,0,0,0,0,0,0,0,0
