1,1,10,3,8,5,6,7,18,9,22,11,12,14,15,17,36,19,20,21,44,23,25,26,27,28,29,30,31,33,34,35,2,37,38,39,40,41,42,43,4,45,46,47,48,49,50,51,52,53,54,55,56,57,58,59,60,61,62,63,63,63,63,63,63
2,2,10,3,8,5,6,7,18,9,22,11,12,14,15,17,36,19,20,21,44,23,25,26,27,28,29,30,31,33,34,35,1,37,38,39,40,41,42,43,4,45,46,47,48,49,50,51,52,53,54,55,56,57,58,59,60,61,62,63,63,63,63,63,63
3,51,47,3,50,52,43,59,46,48,44,45,38,42,12,35,60,19,20,21,22,23,25,26,53,28,56,30,31,33,34,1,36,37,2,39,40,41,6,4,5,14,7,8,9,49,10,11,27,29,54,55,15,57,58,17,18,61,62,63,63,63,63,63,63
4,50,19,42,4,51,49,43,58,18,41,34,35,10,27,12,5,59,20,21,44,23,48,26,52,54,29,30,31,33,1,2,3,8,11,39,40,6,7,36,9,45,46,47,22,25,28,14,15,53,17,55,56,57,37,38,60,61,62,63,63,63,63,63,63
5,35,20,61,36,27,42,34,43,26,60,5,28,44,45,53,21,37,50,12,2,23,25,51,3,54,29,30,31,33,4,10,6,7,38,39,8,41,9,22,11,52,46,47,48,49,14,15,17,18,19,55,56,57,58,59,40,1,62,63,63,63,63,63,63
6,0,0,0,0,0,0,0,0,0,0,0,0,0,0,0,0,0,0,0,0,0,0,0,0,0,0,0,0,0,0,0,0,0,0,0,0,0,0,0,0,0,0,0,0,0,0,0,0,0,0,0,0,0,0,0,0,0,0,0,0,0,0,0,0
7,9,7,10,18,17,6,15,8,20,22,11,12,14,31,34,36,19,40,21,44,23,25,26,27,28,29,30,60,33,1,35,2,37,38,39,3,41,42,43,4,45,46,47,48,49,50,51,52,53,54,55,56,57,58,59,5,61,62,63,63,63,63,63,63
8,42,35,55,50,43,8,34,41,33,47,52,27,49,56,51,36,19,20,21,22,23,25,26,53,28,29,30,31,62,1,2,3,37,38,39,40,4,5,6,44,45,46,7,48,18,9,10,11,12,54,14,15,57,58,59,60,61,17,63,63,63,63,63,63
9,9,7,10,18,17,6,15,8,20,22,11,12,14,31,34,36,19,40,21,44,23,25,26,27,28,29,30,60,33,1,35,2,37,38,39,3,41,42,43,4,45,46,47,48,49,50,51,52,53,54,55,56,57,58,59,5,61,62,63,63,63,63,63,63
10,45,37,10,22,36,44,46,53,29,38,52,18,14,30,47,17,2,54,28,23,11,1,15,61,55,57,58,60,33,12,35,7,19,9,3,40,41,42,43,25,27,56,31,34,49,50,51,4,39,20,21,6,8,48,59,26,5,62,63,63,63,63,63,63
11,26,57,11,39,34,27,58,18,25,35,49,50,47,38,12,41,42,30,33,22,23,1,51,52,54,29,59,31,62,2,3,4,37,5,6,40,7,8,43,44,45,46,9,10,48,28,14,15,53,17,55,56,36,19,20,60,61,21,63,63,63,63,63,63
12,36,12,35,44,37,28,45,29,20,43,30,15,14,31,17,18,19,40,21,22,23,25,26,52,54,56,58,60,33,34,1,2,3,38,39,4,41,42,5,6,7,46,47,48,49,50,51,8,53,9,55,10,57,11,59,27,61,62,63,63,63,63,63,63
13,0,0,0,0,0,0,0,0,0,0,0,0,0,0,0,0,0,0,0,0,0,0,0,0,0,0,0,0,0,0,0,0,0,0,0,0,0,0,0,0,0,0,0,0,0,0,0,0,0,0,0,0,0,0,0,0,0,0,0,0,0,0,0,0
14,46,48,45,47,14,37,38,56,15,10,11,12,29,31,17,18,19,20,21,22,23,25,26,27,28,57,30,60,33,34,35,36,1,2,39,40,41,42,43,44,3,4,5,6,49,50,51,52,53,54,55,7,8,58,59,9,61,62,63,63,63,63,63,63
15,15,23,25,26,17,7,29,14,42,33,31,12,30,60,35,18,19,20,21,22,46,48,50,27,28,56,58,61,62,1,2,36,37,38,39,40,41,3,43,44,45,4,47,5,49,6,51,52,53,54,55,34,57,8,59,9,10,11,63,63,63,63,63,63
16,0,0,0,0,0,0,0,0,0,0,0,0,0,0,0,0,0,0,0,0,0,0,0,0,0,0,0,0,0,0,0,0,0,0,0,0,0,0,0,0,0,0,0,0,0,0,0,0,0,0,0,0,0,0,0,0,0,0,0,0,0,0,0,0
17,34,17,42,35,26,33,9,50,25,18,45,27,51,15,1,36,19,40,21,22,23,48,2,52,28,29,30,31,62,3,4,5,37,38,39,6,41,7,43,44,8,46,47,20,49,10,11,12,53,54,55,56,57,58,59,60,61,14,63,63,63,63,63,63
18,18,26,10,27,19,17,7,8,9,22,11,12,14,15,34,36,38,20,21,44,23,25,50,52,28,29,30,31,33,1,35,2,37,3,39,40,41,42,43,4,45,46,47,48,49,5,51,6,53,54,55,56,57,58,59,60,61,62,63,63,63,63,63,63
19,50,19,42,4,51,49,43,58,18,41,34,35,10,27,12,5,59,20,21,44,23,48,26,52,54,29,30,31,33,1,2,3,8,11,39,40,6,7,36,9,45,46,47,22,25,28,14,15,53,17,55,56,57,37,38,60,61,62,63,63,63,63,63,63
20,35,20,61,36,27,42,34,43,26,60,5,28,44,45,53,21,37,50,12,2,23,25,51,3,54,29,30,31,33,4,10,6,7,38,39,8,41,9,22,11,52,46,47,48,49,14,15,17,18,19,55,56,57,58,59,40,1,62,63,63,63,63,63,63
21,58,21,57,50,20,51,43,22,59,60,11,12,14,15,17,18,19,40,42,44,23,25,26,27,28,29,30,31,33,34,35,36,37,38,39,1,41,2,3,4,45,46,47,48,49,5,6,52,53,54,55,56,7,8,9,10,61,62,63,63,63,63,63,63
22,45,37,10,22,36,44,46,53,29,38,52,18,14,30,47,17,2,54,28,23,11,1,15,61,55,57,58,60,33,12,35,7,19,9,3,40,41,42,43,25,27,56,31,34,49,50,51,4,39,20,21,6,8,48,59,26,5,62,63,63,63,63,63,63
23,15,23,25,26,17,7,29,14,42,33,31,12,30,60,35,18,19,20,21,22,46,48,50,27,28,56,58,61,62,1,2,36,37,38,39,40,41,3,43,44,45,4,47,5,49,6,51,52,53,54,55,34,57,8,59,9,10,11,63,63,63,63,63,63
24,0,0,0,0,0,0,0,0,0,0,0,0,0,0,0,0,0,0,0,0,0,0,0,0,0,0,0,0,0,0,0,0,0,0,0,0,0,0,0,0,0,0,0,0,0,0,0,0,0,0,0,0,0,0,0,0,0,0,0,0,0,0,0,0
25,15,23,25,26,17,7,29,14,42,33,31,12,30,60,35,18,19,20,21,22,46,48,50,27,28,56,58,61,62,1,2,36,37,38,39,40,41,3,43,44,45,4,47,5,49,6,51,52,53,54,55,34,57,8,59,9,10,11,63,63,63,63,63,63
26,26,57,11,39,34,27,58,18,25,35,49,50,47,38,12,41,42,30,33,22,23,1,51,52,54,29,59,31,62,2,3,4,37,5,6,40,7,8,43,44,45,46,9,10,48,28,14,15,53,17,55,56,36,19,20,60,61,21,63,63,63,63,63,63
27,28,27,36,35,29,19,20,26,34,37,25,45,50,15,17,18,38,40,21,22,23,48,51,52,54,56,30,31,33,1,2,3,4,5,39,6,41,42,43,44,7,46,47,8,49,9,10,11,53,12,55,14,57,58,59,60,61,62,63,63,63,63,63,63
28,28,27,36,35,29,19,20,26,34,37,25,45,50,15,17,18,38,40,21,22,23,48,51,52,54,56,30,31,33,1,2,3,4,5,39,6,41,42,43,44,7,46,47,8,49,9,10,11,53,12,55,14,57,58,59,60,61,62,63,63,63,63,63,63
29,43,29,42,35,37,50,51,44,28,21,30,36,34,15,22,49,41,38,1,45,23,25,26,27,54,56,58,60,33,2,3,4,5,6,39,40,7,8,9,10,11,46,47,48,12,14,31,52,53,17,55,18,57,19,59,20,61,62,63,63,63,63,63,63
30,53,30,41,45,52,42,40,49,54,29,44,61,33,23,22,43,46,48,37,60,50,51,26,27,28,56,58,31,62,34,35,36,2,38,39,3,4,5,6,7,8,9,10,11,12,14,15,17,18,19,55,20,57,21,59,1,47,25,63,63,63,63,63,63
31,59,31,51,60,58,45,52,50,9,10,11,12,14,15,17,18,19,20,21,22,23,25,26,27,28,29,30,61,33,34,35,36,37,38,39,40,41,42,43,44,1,46,47,48,49,2,3,4,53,54,55,56,57,5,6,7,8,62,63,63,63,63,63,63
32,0,0,0,0,0,0,0,0,0,0,0,0,0,0,0,0,0,0,0,0,0,0,0,0,0,0,0,0,0,0,0,0,0,0,0,0,0,0,0,0,0,0,0,0,0,0,0,0,0,0,0,0,0,0,0,0,0,0,0,0,0,0,0,0
33,60,33,62,63,34,59,52,61,53,41,26,51,44,42,54,55,19,20,21,22,23,25,50,27,28,29,30,31,1,2,35,36,37,38,39,40,3,4,43,5,45,46,47,48,49,6,7,8,9,10,11,56,57,58,12,14,15,17,18,18,18,18,18,18
34,34,17,42,35,26,33,9,50,25,18,45,27,51,15,1,36,19,40,21,22,23,48,2,52,28,29,30,31,62,3,4,5,37,38,39,6,41,7,43,44,8,46,47,20,49,10,11,12,53,54,55,56,57,58,59,60,61,14,63,63,63,63,63,63
35,35,20,61,36,27,42,34,43,26,60,5,28,44,45,53,21,37,50,12,2,23,25,51,3,54,29,30,31,33,4,10,6,7,38,39,8,41,9,22,11,52,46,47,48,49,14,15,17,18,19,55,56,57,58,59,40,1,62,63,63,63,63,63,63
36,36,12,35,44,37,28,45,29,20,43,30,15,14,31,17,18,19,40,21,22,23,25,26,52,54,56,58,60,33,34,1,2,3,38,39,4,41,42,5,6,7,46,47,48,49,50,51,8,53,9,55,10,57,11,59,27,61,62,63,63,63,63,63,63
37,45,37,10,22,36,44,46,53,29,38,52,18,14,30,47,17,2,54,28,23,11,1,15,61,55,57,58,60,33,12,35,7,19,9,3,40,41,42,43,25,27,56,31,34,49,50,51,4,39,20,21,6,8,48,59,26,5,62,63,63,63,63,63,63
38,38,37,46,39,29,6,7,8,9,10,11,12,14,15,17,18,19,20,21,22,23,25,26,27,28,56,30,31,33,34,35,36,1,2,3,40,41,42,43,44,45,4,47,48,49,50,51,52,53,54,55,5,57,58,59,60,61,62,63,63,63,63,63,63
39,26,57,11,39,34,27,58,18,25,35,49,50,47,38,12,41,42,30,33,22,23,1,51,52,54,29,59,31,62,2,3,4,37,5,6,40,7,8,43,44,45,46,9,10,48,28,14,15,53,17,55,56,36,19,20,60,61,21,63,63,63,63,63,63
40,53,30,41,45,52,42,40,49,54,29,44,61,33,23,22,43,46,48,37,60,50,51,26,27,28,56,58,31,62,34,35,36,2,38,39,3,4,5,6,7,8,9,10,11,12,14,15,17,18,19,55,20,57,21,59,1,47,25,63,63,63,63,63,63
41,53,30,41,45,52,42,40,49,54,29,44,61,33,23,22,43,46,48,37,60,50,51,26,27,28,56,58,31,62,34,35,36,2,38,39,3,4,5,6,7,8,9,10,11,12,14,15,17,18,19,55,20,57,21,59,1,47,25,63,63,63,63,63,63
42,42,35,55,50,43,8,34,41,33,47,52,27,49,56,51,36,19,20,21,22,23,25,26,53,28,29,30,31,62,1,2,3,37,38,39,40,4,5,6,44,45,46,7,48,18,9,10,11,12,54,14,15,57,58,59,60,61,17,63,63,63,63,63,63
43,43,29,42,35,37,50,51,44,28,21,30,36,34,15,22,49,41,38,1,45,23,25,26,27,54,56,58,60,33,2,3,4,5,6,39,40,7,8,9,10,11,46,47,48,12,14,31,52,53,17,55,18,57,19,59,20,61,62,63,63,63,63,63,63
44,44,36,45,52,43,35,53,47,62,10,11,12,14,15,17,18,19,20,21,22,23,25,26,27,28,29,30,31,33,34,1,2,37,38,39,40,41,42,3,4,5,46,6,48,49,50,51,7,8,54,55,56,57,58,59,60,61,9,63,63,63,63,63,63
45,45,37,10,22,36,44,46,53,29,38,52,18,14,30,47,17,2,54,28,23,11,1,15,61,55,57,58,60,33,12,35,7,19,9,3,40,41,42,43,25,27,56,31,34,49,50,51,4,39,20,21,6,8,48,59,26,5,62,63,63,63,63,63,63
46,46,48,45,47,14,37,38,56,15,10,11,12,29,31,17,18,19,20,21,22,23,25,26,27,28,57,30,60,33,34,35,36,1,2,39,40,41,42,43,44,3,4,5,6,49,50,51,52,53,54,55,7,8,58,59,9,61,62,63,63,63,63,63,63
47,51,47,3,50,52,43,59,46,48,44,45,38,42,12,35,60,19,20,21,22,23,25,26,53,28,56,30,31,33,34,1,36,37,2,39,40,41,6,4,5,14,7,8,9,49,10,11,27,29,54,55,15,57,58,17,18,61,62,63,63,63,63,63,63
48,46,48,45,47,14,37,38,56,15,10,11,12,29,31,17,18,19,20,21,22,23,25,26,27,28,57,30,60,33,34,35,36,1,2,39,40,41,42,43,44,3,4,5,6,49,50,51,52,53,54,55,7,8,58,59,9,61,62,63,63,63,63,63,63
49,49,42,50,41,51,57,33,8,9,10,11,12,14,15,17,18,19,20,21,22,23,25,26,27,28,29,30,31,62,34,35,36,37,38,39,40,1,2,43,44,45,46,47,48,3,4,5,52,53,54,55,56,6,58,59,60,61,7,63,63,63,63,63,63
50,50,19,42,4,51,49,43,58,18,41,34,35,10,27,12,5,59,20,21,44,23,48,26,52,54,29,30,31,33,1,2,3,8,11,39,40,6,7,36,9,45,46,47,22,25,28,14,15,53,17,55,56,57,37,38,60,61,62,63,63,63,63,63,63
51,51,47,3,50,52,43,59,46,48,44,45,38,42,12,35,60,19,20,21,22,23,25,26,53,28,56,30,31,33,34,1,36,37,2,39,40,41,6,4,5,14,7,8,9,49,10,11,27,29,54,55,15,57,58,17,18,61,62,63,63,63,63,63,63
52,52,44,51,60,53,45,36,8,9,10,11,12,14,15,17,18,19,20,21,22,23,25,26,27,28,29,30,31,33,34,35,1,37,38,39,40,41,42,43,2,3,46,47,48,49,50,4,5,6,54,55,56,57,58,59,7,61,62,63,63,63,63,63,63
53,53,30,41,45,52,42,40,49,54,29,44,61,33,23,22,43,46,48,37,60,50,51,26,27,28,56,58,31,62,34,35,36,2,38,39,3,4,5,6,7,8,9,10,11,12,14,15,17,18,19,55,20,57,21,59,1,47,25,63,63,63,63,63,63
54,54,53,44,46,55,7,15,8,9,10,11,12,14,31,17,18,19,20,21,22,23,25,26,27,28,29,30,60,33,34,35,36,37,38,39,40,41,42,43,1,45,2,47,48,49,50,51,52,3,4,5,56,57,58,59,6,61,62,63,63,63,63,63,63
55,42,35,55,50,43,8,34,41,33,47,52,27,49,56,51,36,19,20,21,22,23,25,26,53,28,29,30,31,62,1,2,3,37,38,39,40,4,5,6,44,45,46,7,48,18,9,10,11,12,54,14,15,57,58,59,60,61,17,63,63,63,63,63,63
56,56,48,3,4,5,6,7,8,9,10,11,12,14,15,17,18,19,20,21,22,23,25,26,27,28,29,30,31,33,34,35,36,37,38,39,40,41,42,43,44,45,46,47,1,49,50,51,52,53,54,55,2,57,58,59,60,61,62,63,63,63,63,63,63
57,26,57,11,39,34,27,58,18,25,35,49,50,47,38,12,41,42,30,33,22,23,1,51,52,54,29,59,31,62,2,3,4,37,5,6,40,7,8,43,44,45,46,9,10,48,28,14,15,53,17,55,56,36,19,20,60,61,21,63,63,63,63,63,63
58,58,21,57,50,20,51,43,22,59,60,11,12,14,15,17,18,19,40,42,44,23,25,26,27,28,29,30,31,33,34,35,36,37,38,39,1,41,2,3,4,45,46,47,48,49,5,6,52,53,54,55,56,7,8,9,10,61,62,63,63,63,63,63,63
59,59,31,51,60,58,45,52,50,9,10,11,12,14,15,17,18,19,20,21,22,23,25,26,27,28,29,30,61,33,34,35,36,37,38,39,40,41,42,43,44,1,46,47,48,49,2,3,4,53,54,55,56,57,5,6,7,8,62,63,63,63,63,63,63
60,60,33,62,63,34,59,52,61,53,41,26,51,44,42,54,55,19,20,21,22,23,25,50,27,28,29,30,31,1,2,35,36,37,38,39,40,3,4,43,5,45,46,47,48,49,6,7,8,9,10,11,56,57,58,12,14,15,17,18,18,18,18,18,18
61,35,20,61,36,27,42,34,43,26,60,5,28,44,45,53,21,37,50,12,2,23,25,51,3,54,29,30,31,33,4,10,6,7,38,39,8,41,9,22,11,52,46,47,48,49,14,15,17,18,19,55,56,57,58,59,40,1,62,63,63,63,63,63,63
62,60,33,62,63,34,59,52,61,53,41,26,51,44,42,54,55,19,20,21,22,23,25,50,27,28,29,30,31,1,2,35,36,37,38,39,40,3,4,43,5,45,46,47,48,49,6,7,8,9,10,11,56,57,58,12,14,15,17,18,18,18,18,18,18
63,60,33,62,63,34,59,52,61,53,41,26,51,44,42,54,55,19,20,21,22,23,25,50,27,28,29,30,31,1,2,35,36,37,38,39,40,3,4,43,5,45,46,47,48,49,6,7,8,9,10,11,56,57,58,12,14,15,17,18,18,18,18,18,18
