1,1,24,10,11,7,8,9,20,22,12,14,15,17,18,19,36,21,40,23,44,25,26,27,28,29,30,31,32,33,34,35,2,37,38,39,6,41,42,43,4,45,46,47,48,49,50,51,52,53,54,55,56,57,58,59,60,61,62,63,64,64,64,64,64
2,2,10,1,11,7,15,9,20,22,12,14,28,17,18,19,36,21,40,23,24,25,26,27,52,29,30,31,32,33,34,35,4,37,38,39,6,41,42,43,44,45,46,47,48,49,50,51,8,53,54,55,56,57,58,59,60,61,62,63,64,64,64,64,64
3,0,0,0,0,0,0,0,0,0,0,0,0,0,0,0,0,0,0,0,0,0,0,0,0,0,0,0,0,0,0,0,0,0,0,0,0,0,0,0,0,0,0,0,0,0,0,0,0,0,0,0,0,0,0,0,0,0,0,0,0,0,0,0,0
4,50,19,51,42,58,4,43,49,18,52,11,27,36,57,26,59,20,33,10,24,25,48,1,53,29,30,31,60,62,64,35,2,8,6,39,7,41,15,9,44,45,46,47,21,22,12,14,28,17,54,55,56,32,34,37,38,61,40,63,23,23,23,23,23
5,0,0,0,0,0,0,0,0,0,0,0,0,0,0,0,0,0,0,0,0,0,0,0,0,0,0,0,0,0,0,0,0,0,0,0,0,0,0,0,0,0,0,0,0,0,0,0,0,0,0,0,0,0,0,0,0,0,0,0,0,0,0,0,0
6,6,2,4,10,7,8,9,20,11,12,14,15,17,18,19,36,21,22,23,24,25,26,27,28,29,30,31,32,33,34,35,1,37,38,39,40,41,42,43,44,45,46,47,48,49,50,51,52,53,54,55,56,57,58,59,60,61,62,63,64,64,64,64,64
7,7,9,15,50,12,8,18,10,11,24,14,28,17,32,19,20,21,22,23,44,25,26,27,52,29,30,31,60,33,34,35,36,37,38,39,40,41,42,43,1,45,46,47,48,49,2,51,4,53,54,55,56,57,58,59,6,61,62,63,64,64,64,64,64
8,0,0,0,0,0,0,0,0,0,0,0,0,0,0,0,0,0,0,0,0,0,0,0,0,0,0,0,0,0,0,0,0,0,0,0,0,0,0,0,0,0,0,0,0,0,0,0,0,0,0,0,0,0,0,0,0,0,0,0,0,0,0,0,0
9,7,9,15,50,12,8,18,10,11,24,14,28,17,32,19,20,21,22,23,44,25,26,27,52,29,30,31,60,33,34,35,36,37,38,39,40,41,42,43,1,45,46,47,48,49,2,51,4,53,54,55,56,57,58,59,6,61,62,63,64,64,64,64,64
10,45,37,10,22,44,46,29,36,53,30,23,43,15,52,14,50,21,42,11,28,38,18,61,4,55,56,31,60,33,34,35,6,7,8,9,20,40,12,26,54,17,32,47,19,49,1,51,39,41,2,24,25,57,58,59,48,27,62,63,64,64,64,64,64
11,26,57,39,49,11,34,58,27,25,52,47,38,33,50,19,20,21,40,23,24,46,48,51,28,29,30,31,32,62,64,35,36,37,1,2,4,41,42,43,44,45,6,7,8,9,10,22,12,53,54,55,56,14,15,59,60,61,17,63,18,18,18,18,18
12,36,12,35,28,44,37,45,20,29,11,43,53,38,18,19,1,21,40,23,2,25,26,27,52,54,30,31,32,33,34,4,6,7,8,39,9,41,42,10,22,24,46,47,48,49,50,51,14,15,17,55,56,57,58,59,60,61,62,63,64,64,64,64,64
13,0,0,0,0,0,0,0,0,0,0,0,0,0,0,0,0,0,0,0,0,0,0,0,0,0,0,0,0,0,0,0,0,0,0,0,0,0,0,0,0,0,0,0,0,0,0,0,0,0,0,0,0,0,0,0,0,0,0,0,0,0,0,0,0
14,22,52,58,50,26,51,43,43,43,43,43,43,43,43,43,43,43,43,43,43,43,43,43,43,43,43,43,43,43,43,43,43,43,43,43,43,43,43,43,43,43,43,43,43,43,43,43,43,43,43,43,43,43,43,43,43,43,43,43,43,43,43,43,43
15,15,23,25,33,26,7,22,37,30,31,14,28,17,18,19,20,21,40,42,44,46,48,50,52,29,56,58,32,62,34,35,36,1,38,39,2,41,4,43,6,45,12,47,8,49,9,51,10,53,54,55,11,57,24,59,60,61,27,63,64,64,64,64,64
16,0,0,0,0,0,0,0,0,0,0,0,0,0,0,0,0,0,0,0,0,0,0,0,0,0,0,0,0,0,0,0,0,0,0,0,0,0,0,0,0,0,0,0,0,0,0,0,0,0,0,0,0,0,0,0,0,0,0,0,0,0,0,0,0
17,34,17,35,42,33,27,25,18,9,26,14,15,30,32,64,20,21,22,23,24,46,48,50,28,29,56,31,60,62,1,2,36,37,38,39,40,41,4,43,44,45,6,47,7,49,8,51,52,53,54,55,19,57,58,59,10,61,11,63,12,12,12,12,12
18,18,26,10,17,19,8,9,20,11,12,14,15,30,32,34,36,21,22,23,24,25,48,27,28,29,56,31,60,33,64,35,1,37,38,39,40,41,42,43,44,45,46,47,2,49,50,51,52,53,54,55,4,57,58,59,6,61,62,63,7,7,7,7,7
19,0,0,0,0,0,0,0,0,0,0,0,0,0,0,0,0,0,0,0,0,0,0,0,0,0,0,0,0,0,0,0,0,0,0,0,0,0,0,0,0,0,0,0,0,0,0,0,0,0,0,0,0,0,0,0,0,0,0,0,0,0,0,0,0
20,35,61,20,36,34,43,27,28,60,26,21,12,53,45,42,41,38,22,23,44,25,48,50,52,29,30,31,32,33,64,1,2,4,6,39,40,7,8,9,10,11,46,47,24,49,14,51,15,17,54,55,56,57,58,59,18,19,62,63,37,37,37,37,37
21,58,21,50,59,57,43,29,10,11,12,14,15,17,18,19,20,38,22,23,24,25,26,27,28,54,30,31,32,33,34,35,36,37,1,39,40,41,42,2,44,45,46,47,48,49,4,51,52,53,6,55,56,7,8,9,60,61,62,63,64,64,64,64,64
22,45,37,10,22,44,46,29,36,53,30,23,43,15,52,14,50,21,42,11,28,38,18,61,4,55,56,31,60,33,34,35,6,7,8,9,20,40,12,26,54,17,32,47,19,49,1,51,39,41,2,24,25,57,58,59,48,27,62,63,64,64,64,64,64
23,15,23,25,33,26,7,22,37,30,31,14,28,17,18,19,20,21,40,42,44,46,48,50,52,29,56,58,32,62,34,35,36,1,38,39,2,41,4,43,6,45,12,47,8,49,9,51,10,53,54,55,11,57,24,59,60,61,27,63,64,64,64,64,64
24,1,24,10,11,7,8,9,20,22,12,14,15,17,18,19,36,21,40,23,44,25,26,27,28,29,30,31,32,33,34,35,2,37,38,39,6,41,42,43,4,45,46,47,48,49,50,51,52,53,54,55,56,57,58,59,60,61,62,63,64,64,64,64,64
25,15,23,25,33,26,7,22,37,30,31,14,28,17,18,19,20,21,40,42,44,46,48,50,52,29,56,58,32,62,34,35,36,1,38,39,2,41,4,43,6,45,12,47,8,49,9,51,10,53,54,55,11,57,24,59,60,61,27,63,64,64,64,64,64
26,26,57,39,49,11,34,58,27,25,52,47,38,33,50,19,20,21,40,23,24,46,48,51,28,29,30,31,32,62,64,35,36,37,1,2,4,41,42,43,44,45,6,7,8,9,10,22,12,53,54,55,56,14,15,59,60,61,17,63,18,18,18,18,18
27,28,27,35,36,26,29,34,18,19,43,12,20,21,32,64,37,38,22,23,44,25,48,50,52,54,30,31,60,33,1,2,4,6,7,39,40,41,42,8,9,45,46,47,10,49,11,51,24,53,14,55,56,57,58,59,15,61,62,63,17,17,17,17,17
28,28,27,35,36,26,29,34,18,19,43,12,20,21,32,64,37,38,22,23,44,25,48,50,52,54,30,31,60,33,1,2,4,6,7,39,40,41,42,8,9,45,46,47,10,49,11,51,24,53,14,55,56,57,58,59,15,61,62,63,17,17,17,17,17
29,43,29,42,51,35,44,37,50,28,59,49,45,30,26,34,20,21,22,23,24,25,48,27,52,54,56,31,32,33,64,1,36,2,38,39,40,41,4,6,7,8,46,47,9,10,11,12,14,53,15,55,17,57,58,18,60,61,62,63,19,19,19,19,19
30,53,41,30,52,42,45,49,29,40,44,64,33,22,37,62,38,15,34,31,59,60,61,50,23,36,56,58,32,63,4,35,6,7,8,39,9,10,11,12,14,28,46,47,48,17,18,51,19,20,21,55,1,57,43,24,25,26,27,2,54,54,54,54,54
31,59,51,58,31,60,50,39,52,11,12,14,15,17,18,19,20,21,22,23,24,25,26,27,28,29,30,1,32,33,34,35,36,37,38,2,40,41,42,43,44,45,46,47,48,49,4,6,7,53,54,55,56,57,8,9,10,61,62,63,64,64,64,64,64
32,44,32,36,45,43,52,53,51,37,46,42,15,17,18,19,20,21,22,23,24,25,26,27,28,29,30,31,60,33,34,35,1,2,38,39,40,41,4,6,7,8,9,47,48,49,50,10,11,12,54,55,56,57,58,59,14,61,62,63,64,64,64,64,64
33,60,33,63,62,52,59,34,25,51,45,53,61,46,26,49,44,21,22,23,24,47,48,27,28,29,30,31,32,1,64,35,36,37,38,39,40,41,42,43,2,4,6,7,8,9,50,10,11,12,54,55,56,57,58,14,15,17,18,19,20,20,20,20,20
34,34,17,35,42,33,27,25,18,9,26,14,15,30,32,64,20,21,22,23,24,46,48,50,28,29,56,31,60,62,1,2,36,37,38,39,40,41,4,43,44,45,6,47,7,49,8,51,52,53,54,55,19,57,58,59,10,61,11,63,12,12,12,12,12
35,35,61,20,36,34,43,27,28,60,26,21,12,53,45,42,41,38,22,23,44,25,48,50,52,29,30,31,32,33,64,1,2,4,6,39,40,7,8,9,10,11,46,47,24,49,14,51,15,17,54,55,56,57,58,59,18,19,62,63,37,37,37,37,37
36,36,12,35,28,44,37,45,20,29,11,43,53,38,18,19,1,21,40,23,2,25,26,27,52,54,30,31,32,33,34,4,6,7,8,39,9,41,42,10,22,24,46,47,48,49,50,51,14,15,17,55,56,57,58,59,60,61,62,63,64,64,64,64,64
37,45,37,10,22,44,46,29,36,53,30,23,43,15,52,14,50,21,42,11,28,38,18,61,4,55,56,31,60,33,34,35,6,7,8,9,20,40,12,26,54,17,32,47,19,49,1,51,39,41,2,24,25,57,58,59,48,27,62,63,64,64,64,64,64
38,38,46,37,15,18,19,20,23,24,25,26,27,28,29,30,31,33,34,35,36,60,62,40,41,42,43,44,45,4,47,48,49,50,51,52,53,54,55,57,58,59,10,61,12,12,12,12,12,12,12,12,12,12,12,12,12,12,12,12,12,12,12,12,12
39,26,57,39,49,11,34,58,27,25,52,47,38,33,50,19,20,21,40,23,24,46,48,51,28,29,30,31,32,62,64,35,36,37,1,2,4,41,42,43,44,45,6,7,8,9,10,22,12,53,54,55,56,14,15,59,60,61,17,63,18,18,18,18,18
40,53,41,30,52,42,45,49,29,40,44,64,33,22,37,62,38,15,34,31,59,60,61,50,23,36,56,58,32,63,4,35,6,7,8,39,9,10,11,12,14,28,46,47,48,17,18,51,19,20,21,55,1,57,43,24,25,26,27,2,54,54,54,54,54
41,53,41,30,52,42,45,49,29,40,44,64,33,22,37,62,38,15,34,31,59,60,61,50,23,36,56,58,32,63,4,35,6,7,8,39,9,10,11,12,14,28,46,47,48,17,18,51,19,20,21,55,1,57,43,24,25,26,27,2,54,54,54,54,54
42,42,34,43,41,55,8,50,35,33,51,7,54,25,49,44,20,21,22,23,45,46,26,27,52,29,30,31,32,62,64,1,36,37,38,39,40,2,4,6,12,15,9,47,48,10,11,24,14,53,28,17,56,57,58,59,60,61,18,63,19,19,19,19,19
43,43,29,42,51,35,44,37,50,28,59,49,45,30,26,34,20,21,22,23,24,25,48,27,52,54,56,31,32,33,64,1,36,2,38,39,40,41,4,6,7,8,46,47,9,10,11,12,14,53,15,55,17,57,58,18,60,61,62,63,19,19,19,19,19
44,44,32,36,45,43,52,53,51,37,46,42,15,17,18,19,20,21,22,23,24,25,26,27,28,29,30,31,60,33,34,35,1,2,38,39,40,41,4,6,7,8,9,47,48,49,50,10,11,12,54,55,56,57,58,59,14,61,62,63,64,64,64,64,64
45,45,37,10,22,44,46,29,36,53,30,23,43,15,52,14,50,21,42,11,28,38,18,61,4,55,56,31,60,33,34,35,6,7,8,9,20,40,12,26,54,17,32,47,19,49,1,51,39,41,2,24,25,57,58,59,48,27,62,63,64,64,64,64,64
46,46,48,14,45,47,38,15,56,44,37,40,52,22,30,19,20,21,41,23,24,25,49,27,53,29,57,31,32,33,34,35,36,1,2,39,4,6,42,43,7,8,9,10,11,12,50,51,26,28,54,55,17,18,58,59,60,61,62,63,64,64,64,64,64
47,51,47,50,59,52,43,60,48,46,44,11,42,56,58,35,49,21,40,23,24,25,26,27,28,29,30,31,32,33,34,1,36,37,38,39,2,41,4,6,7,45,8,9,10,22,12,14,15,53,54,55,17,57,18,19,20,61,62,63,64,64,64,64,64
48,46,48,14,45,47,38,15,56,44,37,40,52,22,30,19,20,21,41,23,24,25,49,27,53,29,57,31,32,33,34,35,36,1,2,39,4,6,42,43,7,8,9,10,11,12,50,51,26,28,54,55,17,18,58,59,60,61,62,63,64,64,64,64,64
49,49,50,57,42,41,60,9,10,11,12,14,15,17,18,19,20,21,22,23,24,25,26,27,28,29,30,31,32,33,34,35,36,37,38,39,40,1,2,43,44,45,46,47,48,4,6,51,52,53,54,55,56,7,58,59,8,61,62,63,64,64,64,64,64
50,50,19,51,42,58,4,43,49,18,52,11,27,36,57,26,59,20,33,10,24,25,48,1,53,29,30,31,60,62,64,35,2,8,6,39,7,41,15,9,44,45,46,47,21,22,12,14,28,17,54,55,56,32,34,37,38,61,40,63,23,23,23,23,23
51,51,47,50,59,52,43,60,48,46,44,11,42,56,58,35,49,21,40,23,24,25,26,27,28,29,30,31,32,33,34,1,36,37,38,39,2,41,4,6,7,45,8,9,10,22,12,14,15,53,54,55,17,57,18,19,20,61,62,63,64,64,64,64,64
52,52,44,60,53,51,45,9,10,11,12,14,15,17,18,19,20,21,22,23,24,25,26,27,28,29,30,31,32,33,34,35,36,37,38,39,40,41,42,43,1,2,46,47,48,49,50,4,6,7,54,55,56,57,58,59,8,61,62,63,64,64,64,64,64
53,53,41,30,52,42,45,49,29,40,44,64,33,22,37,62,38,15,34,31,59,60,61,50,23,36,56,58,32,63,4,35,6,7,8,39,9,10,11,12,14,28,46,47,48,17,18,51,19,20,21,55,1,57,43,24,25,26,27,2,54,54,54,54,54
54,54,53,4,6,7,8,9,10,11,12,14,15,17,18,19,20,21,22,23,24,25,26,27,28,29,30,31,32,33,34,35,36,37,38,39,40,41,42,43,44,45,46,47,48,49,50,51,52,1,2,55,56,57,58,59,60,61,62,63,64,64,64,64,64
55,42,34,43,41,55,8,50,35,33,51,7,54,25,49,44,20,21,22,23,45,46,26,27,52,29,30,31,32,62,64,1,36,37,38,39,40,2,4,6,12,15,9,47,48,10,11,24,14,53,28,17,56,57,58,59,60,61,18,63,19,19,19,19,19
56,56,48,4,6,7,8,9,10,11,12,14,15,17,18,19,20,21,22,23,24,25,26,27,28,29,30,31,32,33,34,35,36,37,38,39,40,41,42,43,44,45,46,47,1,49,50,51,52,53,54,55,2,57,58,59,60,61,62,63,64,64,64,64,64
57,26,57,39,49,11,34,58,27,25,52,47,38,33,50,19,20,21,40,23,24,46,48,51,28,29,30,31,32,62,64,35,36,37,1,2,4,41,42,43,44,45,6,7,8,9,10,22,12,53,54,55,56,14,15,59,60,61,17,63,18,18,18,18,18
58,58,21,50,59,57,43,29,10,11,12,14,15,17,18,19,20,38,22,23,24,25,26,27,28,54,30,31,32,33,34,35,36,37,1,39,40,41,42,2,44,45,46,47,48,49,4,51,52,53,6,55,56,7,8,9,60,61,62,63,64,64,64,64,64
59,59,51,58,31,60,50,39,52,11,12,14,15,17,18,19,20,21,22,23,24,25,26,27,28,29,30,1,32,33,34,35,36,37,38,2,40,41,42,43,44,45,46,47,48,49,4,6,7,53,54,55,56,57,8,9,10,61,62,63,64,64,64,64,64
60,60,33,63,62,52,59,34,25,51,45,53,61,46,26,49,44,21,22,23,24,47,48,27,28,29,30,31,32,1,64,35,36,37,38,39,40,41,42,43,2,4,6,7,8,9,50,10,11,12,54,55,56,57,58,14,15,17,18,19,20,20,20,20,20
61,35,61,20,36,34,43,27,28,60,26,21,12,53,45,42,41,38,22,23,44,25,48,50,52,29,30,31,32,33,64,1,2,4,6,39,40,7,8,9,10,11,46,47,24,49,14,51,15,17,54,55,56,57,58,59,18,19,62,63,37,37,37,37,37
62,60,33,63,62,52,59,34,25,51,45,53,61,46,26,49,44,21,22,23,24,47,48,27,28,29,30,31,32,1,64,35,36,37,38,39,40,41,42,43,2,4,6,7,8,9,50,10,11,12,54,55,56,57,58,14,15,17,18,19,20,20,20,20,20
63,60,33,63,62,52,59,34,25,51,45,53,61,46,26,49,44,21,22,23,24,47,48,27,28,29,30,31,32,1,64,35,36,37,38,39,40,41,42,43,2,4,6,7,8,9,50,10,11,12,54,55,56,57,58,14,15,17,18,19,20,20,20,20,20
64,53,41,30,52,42,45,49,29,40,44,64,33,22,37,62,38,15,34,31,59,60,61,50,23,36,56,58,32,63,4,35,6,7,8,39,9,10,11,12,14,28,46,47,48,17,18,51,19,20,21,55,1,57,43,24,25,26,27,2,54,54,54,54,54
