1,18,1,3,8,5,6,7,19,9,10,11,12,14,15,17,36,38,20,21,22,23,24,25,26,27,28,29,30,33,34,35,2,37,4,39,41,42,43,44,45,46,47,48,49,50,51,52,53,54,55,56,57,58,59,60,61,62,62,62,62,62,62,62,62
2,2,10,3,8,5,6,7,19,9,23,11,12,15,17,18,37,20,21,22,46,24,25,26,27,28,29,30,33,34,35,36,1,38,39,41,42,43,44,45,4,47,48,49,50,51,52,53,54,55,56,57,58,59,60,61,62,62,62,62,62,62,62,62,62
3,52,48,44,3,51,53,60,47,50,45,59,11,2,15,17,36,19,20,21,22,23,49,25,54,27,28,29,30,33,34,35,1,37,38,39,41,42,43,4,6,46,8,5,12,7,18,9,10,24,55,56,57,58,26,14,61,62,62,62,62,62,62,62,62
4,19,4,18,26,27,12,7,36,9,10,11,53,14,15,17,37,38,20,21,22,23,24,25,54,55,28,29,30,33,34,35,1,2,3,39,41,42,43,44,45,46,47,48,49,50,51,52,8,5,6,56,57,58,59,60,61,62,62,62,62,62,62,62,62
5,35,20,62,43,36,34,27,28,42,5,26,12,50,21,53,18,19,41,44,45,23,24,25,1,55,57,29,30,33,2,3,4,37,38,39,10,6,7,8,9,46,47,48,49,22,51,52,11,54,14,56,15,58,59,60,61,17,17,17,17,17,17,17,17
6,6,2,3,4,5,12,7,8,9,10,11,26,14,15,17,18,19,20,21,22,23,24,25,53,27,28,29,30,33,34,35,36,37,38,39,41,42,43,44,45,46,47,48,49,50,51,52,1,54,55,56,57,58,59,60,61,62,62,62,62,62,62,62,62
7,9,7,18,4,5,6,15,8,20,10,11,12,14,30,17,36,19,41,21,22,23,24,25,26,27,28,29,61,33,34,35,1,37,38,39,2,42,43,44,45,46,47,48,49,50,51,52,53,54,55,56,57,58,59,60,3,62,62,62,62,62,62,62,62
8,43,56,51,44,35,50,42,8,49,48,52,7,14,30,17,36,19,20,21,22,23,24,25,26,27,28,29,61,33,34,1,2,37,38,39,41,3,4,5,45,46,47,6,15,18,9,10,53,54,55,11,57,58,59,60,12,62,62,62,62,62,62,62,62
9,9,7,18,4,5,6,15,8,20,10,11,12,14,30,17,36,19,41,21,22,23,24,25,26,27,28,29,61,33,34,35,1,37,38,39,2,42,43,44,45,46,47,48,49,50,51,52,53,54,55,56,57,58,59,60,3,62,62,62,62,62,62,62,62
10,37,46,10,45,22,36,29,47,38,15,23,18,44,2,11,1,54,14,9,30,6,49,25,53,27,57,59,61,8,34,35,5,12,7,19,20,42,43,48,24,26,28,33,17,50,51,52,3,39,55,56,41,58,21,60,4,62,62,62,62,62,62,62,62
11,26,58,11,39,34,57,25,50,59,27,51,33,18,35,45,47,19,20,21,22,23,49,52,53,55,28,29,30,1,2,3,4,37,38,5,41,42,43,44,6,46,7,48,8,9,10,24,12,54,14,56,15,17,36,60,61,62,62,62,62,62,62,62,62
12,36,12,44,35,37,28,45,29,27,20,42,15,38,30,17,18,19,41,21,22,23,24,25,53,55,57,59,61,1,34,2,3,4,5,39,6,7,43,8,9,46,47,48,49,50,51,52,10,54,11,56,26,58,14,60,33,62,62,62,62,62,62,62,62
13,0,0,0,0,0,0,0,0,0,0,0,0,0,0,0,0,0,0,0,0,0,0,0,0,0,0,0,0,0,0,0,0,0,0,0,0,0,0,0,0,0,0,0,0,0,0,0,0,0,0,0,0,0,0,0,0,0,0,0,0,0,0,0,0
14,49,47,57,41,50,46,48,14,22,37,55,42,43,15,17,18,19,20,21,45,23,24,25,26,27,58,29,30,33,34,35,36,1,38,39,2,3,4,44,5,6,7,8,9,10,51,52,53,54,11,56,12,28,59,60,61,62,62,62,62,62,62,62,62
15,15,25,23,22,26,17,33,34,18,24,44,36,6,14,45,7,19,20,21,46,47,49,51,53,55,57,29,62,1,2,3,4,5,38,39,41,42,43,12,30,8,9,48,10,50,11,52,27,54,28,56,61,58,59,60,35,37,37,37,37,37,37,37,37
16,0,0,0,0,0,0,0,0,0,0,0,0,0,0,0,0,0,0,0,0,0,0,0,0,0,0,0,0,0,0,0,0,0,0,0,0,0,0,0,0,0,0,0,0,0,0,0,0,0,0,0,0,0,0,0,0,0,0,0,0,0,0,0,0
17,34,17,35,33,42,43,25,27,36,26,18,10,9,52,51,19,38,41,21,45,23,24,2,53,55,28,29,30,3,4,5,6,7,8,39,20,22,11,44,12,46,47,48,49,50,14,15,1,54,37,56,57,58,59,60,61,62,62,62,62,62,62,62,62
18,60,18,59,52,26,10,17,53,9,27,61,19,45,44,34,36,38,41,21,46,23,24,25,54,55,28,29,30,33,1,35,2,37,3,39,4,42,43,5,6,7,47,48,49,50,51,8,20,22,11,56,57,58,12,14,15,62,62,62,62,62,62,62,62
19,19,4,18,26,27,12,7,36,9,10,11,53,14,15,17,37,38,20,21,22,23,24,25,54,55,28,29,30,33,34,35,1,2,3,39,41,42,43,44,45,46,47,48,49,50,51,52,8,5,6,56,57,58,59,60,61,62,62,62,62,62,62,62,62
20,35,20,62,43,36,34,27,28,42,5,26,12,50,21,53,18,19,41,44,45,23,24,25,1,55,57,29,30,33,2,3,4,37,38,39,10,6,7,8,9,46,47,48,49,22,51,52,11,54,14,56,15,58,59,60,61,17,17,17,17,17,17,17,17
21,59,21,60,51,58,50,30,28,20,43,52,53,14,15,17,18,19,41,44,22,23,24,25,26,27,57,29,61,33,34,35,36,37,38,39,1,42,2,3,45,46,47,48,49,4,5,6,7,54,55,56,8,9,10,11,12,62,62,62,62,62,62,62,62
22,37,46,10,45,22,36,29,47,38,15,23,18,44,2,11,1,54,14,9,30,6,49,25,53,27,57,59,61,8,34,35,5,12,7,19,20,42,43,48,24,26,28,33,17,50,51,52,3,39,55,56,41,58,21,60,4,62,62,62,62,62,62,62,62
23,15,25,23,22,26,17,33,34,18,24,44,36,6,14,45,7,19,20,21,46,47,49,51,53,55,57,29,62,1,2,3,4,5,38,39,41,42,43,12,30,8,9,48,10,50,11,52,27,54,28,56,61,58,59,60,35,37,37,37,37,37,37,37,37
24,24,2,3,4,5,6,7,8,9,10,11,12,14,15,17,18,19,20,21,22,23,49,25,26,27,28,29,30,33,34,35,36,37,38,39,41,42,43,44,45,46,47,48,1,50,51,52,53,54,55,56,57,58,59,60,61,62,62,62,62,62,62,62,62
25,15,25,23,22,26,17,33,34,18,24,44,36,6,14,45,7,19,20,21,46,47,49,51,53,55,57,29,62,1,2,3,4,5,38,39,41,42,43,12,30,8,9,48,10,50,11,52,27,54,28,56,61,58,59,60,35,37,37,37,37,37,37,37,37
26,26,58,11,39,34,57,25,50,59,27,51,33,18,35,45,47,19,20,21,22,23,49,52,53,55,28,29,30,1,2,3,4,37,38,5,41,42,43,44,6,46,7,48,8,9,10,24,12,54,14,56,15,17,36,60,61,62,62,62,62,62,62,62,62
27,28,27,35,36,26,29,19,37,25,20,12,45,10,18,17,1,38,41,21,46,23,24,51,54,55,57,59,30,33,34,2,3,4,5,39,6,42,43,44,7,8,47,48,49,50,9,52,22,11,53,56,14,58,15,60,61,62,62,62,62,62,62,62,62
28,28,27,35,36,26,29,19,37,25,20,12,45,10,18,17,1,38,41,21,46,23,24,51,54,55,57,59,30,33,34,2,3,4,5,39,6,42,43,44,7,8,47,48,49,50,9,52,22,11,53,56,14,58,15,60,61,62,62,62,62,62,62,62,62
29,44,29,36,52,45,37,43,28,35,30,15,23,20,51,21,53,22,38,59,46,47,24,25,26,27,57,60,61,3,34,4,5,6,7,39,8,42,9,10,11,12,14,48,49,50,33,17,18,54,55,56,19,58,41,1,2,62,62,62,62,62,62,62,62
30,42,30,54,34,50,41,43,22,35,53,49,29,33,51,25,47,23,37,45,62,48,24,52,26,27,28,59,61,1,2,3,36,4,38,39,5,6,7,44,8,9,10,11,12,14,15,17,18,19,55,56,57,58,20,60,21,46,46,46,46,46,46,46,46
31,0,0,0,0,0,0,0,0,0,0,0,0,0,0,0,0,0,0,0,0,0,0,0,0,0,0,0,0,0,0,0,0,0,0,0,0,0,0,0,0,0,0,0,0,0,0,0,0,0,0,0,0,0,0,0,0,0,0,0,0,0,0,0,0
32,0,0,0,0,0,0,0,0,0,0,0,0,0,0,0,0,0,0,0,0,0,0,0,0,0,0,0,0,0,0,0,0,0,0,0,0,0,0,0,0,0,0,0,0,0,0,0,0,0,0,0,0,0,0,0,0,0,0,0,0,0,0,0,0
33,33,61,34,53,41,60,59,45,42,56,26,12,14,15,17,18,19,20,21,22,23,24,25,54,27,28,29,30,1,2,35,36,37,38,39,3,4,43,44,5,46,47,48,49,50,51,52,6,7,55,8,57,58,9,10,11,62,62,62,62,62,62,62,62
34,34,17,35,33,42,43,25,27,36,26,18,10,9,52,51,19,38,41,21,45,23,24,2,53,55,28,29,30,3,4,5,6,7,8,39,20,22,11,44,12,46,47,48,49,50,14,15,1,54,37,56,57,58,59,60,61,62,62,62,62,62,62,62,62
35,35,20,62,43,36,34,27,28,42,5,26,12,50,21,53,18,19,41,44,45,23,24,25,1,55,57,29,30,33,2,3,4,37,38,39,10,6,7,8,9,46,47,48,49,22,51,52,11,54,14,56,15,58,59,60,61,17,17,17,17,17,17,17,17
36,36,12,44,35,37,28,45,29,27,20,42,15,38,30,17,18,19,41,21,22,23,24,25,53,55,57,59,61,1,34,2,3,4,5,39,6,7,43,8,9,46,47,48,49,50,51,52,10,54,11,56,26,58,14,60,33,62,62,62,62,62,62,62,62
37,37,46,10,45,22,36,29,47,38,15,23,18,44,2,11,1,54,14,9,30,6,49,25,53,27,57,59,61,8,34,35,5,12,7,19,20,42,43,48,24,26,28,33,17,50,51,52,3,39,55,56,41,58,21,60,4,62,62,62,62,62,62,62,62
38,38,46,39,4,5,6,7,8,9,10,11,12,14,15,17,18,19,20,21,22,23,24,25,26,27,28,29,30,33,34,35,36,37,1,2,41,42,43,44,45,3,47,48,49,50,51,52,53,54,55,56,57,58,59,60,61,62,62,62,62,62,62,62,62
39,26,58,11,39,34,57,25,50,59,27,51,33,18,35,45,47,19,20,21,22,23,49,52,53,55,28,29,30,1,2,3,4,37,38,5,41,42,43,44,6,46,7,48,8,9,10,24,12,54,14,56,15,17,36,60,61,62,62,62,62,62,62,62,62
41,45,41,46,42,44,37,53,49,33,36,52,50,47,35,57,28,29,61,21,22,23,24,25,26,27,58,59,30,1,34,2,3,4,38,39,5,6,43,7,8,9,10,48,11,12,51,14,15,54,55,56,17,18,19,60,20,62,62,62,62,62,62,62,62
42,42,30,54,34,50,41,43,22,35,49,29,53,33,37,51,25,45,23,47,62,24,1,26,27,28,58,60,2,3,4,36,5,38,39,6,7,8,9,10,11,12,48,15,17,18,52,19,20,55,56,57,21,59,44,61,46,46,46,46,46,46,46,46,46
43,43,56,51,44,35,50,42,8,49,48,52,7,14,30,17,36,19,20,21,22,23,24,25,26,27,28,29,61,33,34,1,2,37,38,39,41,3,4,5,45,46,47,6,15,18,9,10,53,54,55,11,57,58,59,60,12,62,62,62,62,62,62,62,62
44,44,29,36,52,45,37,43,28,35,30,15,23,20,51,21,53,22,38,59,46,47,24,25,26,27,57,60,61,3,34,4,5,6,7,39,8,42,9,10,11,12,14,48,49,50,33,17,18,54,55,56,19,58,41,1,2,62,62,62,62,62,62,62,62
45,45,41,46,42,44,37,53,49,33,36,52,50,47,35,57,28,29,61,21,22,23,24,25,26,27,58,59,30,1,34,2,3,4,38,39,5,6,43,7,8,9,10,48,11,12,51,14,15,54,55,56,17,18,19,60,20,62,62,62,62,62,62,62,62
46,37,46,10,45,22,36,29,47,38,15,23,18,44,2,11,1,54,14,9,30,6,49,25,53,27,57,59,61,8,34,35,5,12,7,19,20,42,43,48,24,26,28,33,17,50,51,52,3,39,55,56,41,58,21,60,4,62,62,62,62,62,62,62,62
47,49,47,57,41,50,46,48,14,22,37,55,42,43,15,17,18,19,20,21,45,23,24,25,26,27,58,29,30,33,34,35,36,1,38,39,2,3,4,44,5,6,7,8,9,10,51,52,53,54,11,56,12,28,59,60,61,62,62,62,62,62,62,62,62
48,52,48,44,3,51,53,60,47,50,45,59,11,2,15,17,36,19,20,21,22,23,49,25,54,27,28,29,30,33,34,35,1,37,38,39,41,42,43,4,6,46,8,5,12,7,18,9,10,24,55,56,57,58,26,14,61,62,62,62,62,62,62,62,62
49,49,47,57,41,50,46,48,14,22,37,55,42,43,15,17,18,19,20,21,45,23,24,25,26,27,58,29,30,33,34,35,36,1,38,39,2,3,4,44,5,6,7,8,9,10,51,52,53,54,11,56,12,28,59,60,61,62,62,62,62,62,62,62,62
50,50,51,42,52,59,58,49,43,57,60,41,44,33,55,17,18,19,20,21,22,23,24,25,26,27,28,29,30,1,34,35,36,37,38,39,2,3,4,5,45,46,47,48,6,7,8,9,53,54,10,56,11,12,14,15,61,62,62,62,62,62,62,62,62
51,50,51,42,52,59,58,49,43,57,60,41,44,33,55,17,18,19,20,21,22,23,24,25,26,27,28,29,30,1,34,35,36,37,38,39,2,3,4,5,45,46,47,48,6,7,8,9,53,54,10,56,11,12,14,15,61,62,62,62,62,62,62,62,62
52,52,48,44,3,51,53,60,47,50,45,59,11,2,15,17,36,19,20,21,22,23,49,25,54,27,28,29,30,33,34,35,1,37,38,39,41,42,43,4,6,46,8,5,12,7,18,9,10,24,55,56,57,58,26,14,61,62,62,62,62,62,62,62,62
53,53,45,52,61,62,60,44,54,29,11,12,15,17,18,19,20,21,22,23,24,25,26,27,28,57,30,33,34,35,36,37,38,39,41,42,43,2,3,46,47,48,49,50,51,4,5,6,55,56,7,58,59,8,9,10,10,10,10,10,10,10,10,10,10
54,42,30,54,34,50,41,43,22,35,53,49,29,33,51,25,47,23,37,45,62,48,24,52,26,27,28,59,61,1,2,3,36,4,38,39,5,6,7,44,8,9,10,11,12,14,15,17,18,19,55,56,57,58,20,60,21,46,46,46,46,46,46,46,46
55,33,34,35,41,45,49,50,18,51,19,23,58,59,28,60,29,29,29,29,29,29,29,29,29,29,29,29,29,29,29,29,29,29,29,29,29,29,29,29,29,29,29,29,29,29,29,29,29,29,29,29,29,29,29,29,29,29,29,29,29,29,29,29,29
56,43,56,51,44,35,50,42,8,49,48,52,7,14,30,17,36,19,20,21,22,23,24,25,26,27,28,29,61,33,34,1,2,37,38,39,41,3,4,5,45,46,47,6,15,18,9,10,53,54,55,11,57,58,59,60,12,62,62,62,62,62,62,62,62
57,57,49,58,50,5,6,7,8,9,10,11,12,14,15,17,18,19,20,21,22,23,24,25,26,27,28,29,30,33,34,35,36,37,38,39,41,42,43,44,45,46,47,48,1,2,51,52,53,54,55,56,3,4,59,60,61,62,62,62,62,62,62,62,62
58,26,58,11,39,34,57,25,50,59,27,51,33,18,35,45,47,19,20,21,22,23,49,52,53,55,28,29,30,1,2,3,4,37,38,5,41,42,43,44,6,46,7,48,8,9,10,24,12,54,14,56,15,17,36,60,61,62,62,62,62,62,62,62,62
59,59,21,60,51,58,50,30,28,20,43,52,53,14,15,17,18,19,41,44,22,23,24,25,26,27,57,29,61,33,34,35,36,37,38,39,1,42,2,3,45,46,47,48,49,4,5,6,7,54,55,56,8,9,10,11,12,62,62,62,62,62,62,62,62
60,60,18,59,52,26,10,17,53,9,27,61,19,45,44,34,36,38,41,21,46,23,24,25,54,55,28,29,30,33,1,35,2,37,3,39,4,42,43,5,6,7,47,48,49,50,51,8,20,22,11,56,57,58,12,14,15,62,62,62,62,62,62,62,62
61,33,61,34,41,53,60,45,42,59,26,56,12,15,17,18,19,20,21,22,23,24,25,52,27,28,29,30,62,1,35,36,37,38,39,2,3,43,44,4,46,47,48,49,50,51,5,6,54,55,7,57,58,8,9,10,11,11,11,11,11,11,11,11,11
62,35,20,62,43,36,34,27,28,42,5,26,12,50,21,53,18,19,41,44,45,23,24,25,1,55,57,29,30,33,2,3,4,37,38,39,10,6,7,8,9,46,47,48,49,22,51,52,11,54,14,56,15,58,59,60,61,17,17,17,17,17,17,17,17
63,0,0,0,0,0,0,0,0,0,0,0,0,0,0,0,0,0,0,0,0,0,0,0,0,0,0,0,0,0,0,0,0,0,0,0,0,0,0,0,0,0,0,0,0,0,0,0,0,0,0,0,0,0,0,0,0,0,0,0,0,0,0,0,0
