1,26,1,34,27,25,36,28,19,45,37,33,12,13,14,15,35,18,38,20,21,22,23,48,50,52,54,29,30,31,32,64,2,4,3,8,5,39,40,41,42,43,44,6,46,47,7,49,17,51,9,53,10,55,56,57,58,59,60,61,62,63,11,11,11
2,2,4,3,8,5,6,7,17,9,10,11,12,13,14,15,34,18,19,20,21,22,23,25,26,27,28,29,30,31,32,33,1,35,36,37,38,39,40,41,42,43,44,45,46,47,48,49,50,51,52,53,54,55,56,57,58,59,60,61,62,63,64,64,64
3,53,49,45,3,50,52,41,61,57,37,33,51,54,42,60,44,62,22,20,21,1,23,25,2,27,28,29,30,31,32,64,34,35,36,6,38,39,40,4,5,43,12,7,46,47,48,8,9,10,11,26,13,55,56,14,58,59,15,17,18,63,19,19,19
4,20,4,12,28,3,35,27,19,29,34,11,26,54,14,15,1,18,38,40,21,22,23,25,50,52,55,56,30,31,32,33,2,6,36,37,8,39,5,41,42,43,44,45,46,47,48,49,13,51,7,53,17,9,10,57,58,59,60,61,62,63,64,64,64
5,37,21,36,45,29,5,63,30,28,38,22,53,44,54,55,12,13,6,15,35,1,23,25,50,52,2,57,58,31,62,33,34,3,4,10,26,39,40,41,7,8,9,42,46,47,48,49,11,51,27,56,14,32,17,18,19,59,60,61,20,43,64,64,64
6,28,27,29,6,36,37,21,13,35,45,5,26,54,14,15,17,18,19,20,42,44,23,25,50,52,55,56,30,31,32,33,34,1,2,3,38,39,40,41,4,43,10,12,46,47,48,49,7,51,8,53,9,22,11,57,58,59,60,61,62,63,64,64,64
7,7,9,15,6,10,12,14,8,19,21,11,26,13,30,32,17,18,38,20,42,22,23,25,50,27,28,29,58,31,62,33,34,35,36,37,1,39,40,41,2,43,44,45,46,47,48,49,3,51,52,53,54,55,56,57,4,59,60,61,5,63,64,64,64
8,44,57,36,52,8,45,43,49,37,50,53,51,58,7,35,59,18,19,20,21,22,23,25,26,27,28,29,1,31,32,33,2,3,4,5,38,39,40,41,42,6,14,17,46,47,48,9,10,11,12,13,54,55,56,30,15,34,60,61,62,63,64,64,64
9,15,36,37,27,29,30,48,48,48,48,48,48,48,48,48,48,48,48,48,48,48,48,48,48,48,48,48,48,48,48,48,48,48,48,48,48,48,48,48,48,48,48,48,48,48,48,48,48,48,48,48,48,48,48,48,48,48,48,48,48,48,48,48,48
10,47,10,23,39,15,46,18,9,1,38,22,48,27,55,29,31,19,2,40,42,44,4,25,26,52,28,56,30,60,62,33,3,35,8,37,5,6,7,41,17,43,20,45,21,11,12,49,50,51,13,53,54,14,32,57,58,59,34,61,36,63,64,64,64
11,59,41,11,51,42,33,60,58,50,52,49,34,30,61,25,17,18,19,20,21,22,46,48,26,27,28,29,1,31,32,64,2,35,36,37,38,39,40,3,4,43,44,45,5,47,6,7,8,9,10,53,54,55,56,57,23,12,13,14,62,63,15,15,15
12,38,12,25,37,46,26,33,20,4,34,17,27,13,14,15,35,36,19,40,21,22,23,48,50,52,28,29,30,31,32,64,1,2,3,8,5,39,6,41,42,43,44,45,7,47,18,49,9,51,10,53,54,55,56,57,58,59,60,61,62,63,11,11,11
13,61,19,13,60,45,27,53,4,20,21,18,12,28,14,15,34,36,38,40,42,22,23,25,50,52,54,29,30,31,32,33,1,35,2,37,3,39,8,41,5,43,44,6,46,47,48,49,7,51,17,9,10,55,56,57,58,59,11,26,62,63,64,64,64
14,50,48,51,42,14,58,43,49,22,57,13,45,47,59,30,17,18,19,20,21,44,23,25,26,27,54,29,1,60,32,33,34,35,36,37,38,39,40,41,2,3,4,5,46,6,7,8,9,10,52,53,11,55,56,12,28,31,15,61,62,63,64,64,64
15,15,27,35,26,28,34,14,23,19,25,29,44,7,42,32,17,18,38,20,21,22,46,48,50,52,54,56,58,60,62,33,1,2,36,37,3,39,40,41,4,43,5,45,6,47,30,49,8,51,9,53,10,55,11,57,12,59,13,61,31,63,64,64,64
17,17,18,25,26,5,6,7,8,9,10,11,12,13,14,15,34,36,19,20,21,22,23,48,50,27,28,29,30,31,32,33,1,35,2,37,38,39,40,41,42,43,44,45,46,47,3,49,4,51,52,53,54,55,56,57,58,59,60,61,62,63,64,64,64
18,36,18,37,44,35,29,45,28,27,26,10,19,43,17,15,34,1,38,20,42,22,23,25,50,52,54,56,30,31,32,33,2,3,4,5,6,39,40,41,7,8,9,21,46,47,48,49,11,51,12,53,13,55,14,57,58,59,60,61,62,63,64,64,64
19,61,19,13,60,45,27,53,4,20,21,18,12,28,14,15,34,36,38,40,42,22,23,25,50,52,54,29,30,31,32,33,1,35,2,37,3,39,8,41,5,43,44,6,46,47,48,49,7,51,17,9,10,55,56,57,58,59,11,26,62,63,64,64,64
20,20,4,12,28,3,35,27,19,29,34,11,26,54,14,15,1,18,38,40,21,22,23,25,50,52,55,56,30,31,32,33,2,6,36,37,8,39,5,41,42,43,44,45,46,47,48,49,13,51,7,53,17,9,10,57,58,59,60,61,62,63,64,64,64
21,37,21,36,45,29,5,63,30,28,38,22,53,44,54,55,12,13,6,15,35,1,23,25,50,52,2,57,58,31,62,33,34,3,4,10,26,39,40,41,7,8,9,42,46,47,48,49,11,51,27,56,14,32,17,18,19,59,60,61,20,43,64,64,64
22,60,22,59,52,30,23,15,29,53,51,61,21,14,31,32,17,18,19,20,42,44,46,25,26,27,28,56,58,1,62,33,34,35,36,37,38,39,40,41,2,43,3,45,4,47,48,49,50,5,6,7,54,55,8,57,9,10,11,12,13,63,64,64,64
23,47,10,23,39,15,46,18,9,1,38,22,48,27,55,29,31,19,2,40,42,44,4,25,26,52,28,56,30,60,62,33,3,35,8,37,5,6,7,41,17,43,20,45,21,11,12,49,50,51,13,53,54,14,32,57,58,59,34,61,36,63,64,64,64
25,38,12,25,37,46,26,33,20,4,34,17,27,13,14,15,35,36,19,40,21,22,23,48,50,52,28,29,30,31,32,64,1,2,3,8,5,39,6,41,42,43,44,45,7,47,18,49,9,51,10,53,54,55,56,57,58,59,60,61,62,63,11,11,11
26,26,1,34,27,25,36,28,19,45,37,33,12,13,14,15,35,18,38,20,21,22,23,48,50,52,54,29,30,31,32,64,2,4,3,8,5,39,40,41,42,43,44,6,46,47,7,49,17,51,9,53,10,55,56,57,58,59,60,61,62,63,11,11,11
27,15,27,35,26,28,34,14,23,19,25,29,44,7,42,32,17,18,38,20,21,22,46,48,50,52,54,56,58,60,62,33,1,2,36,37,3,39,40,41,4,43,5,45,6,47,30,49,8,51,9,53,10,55,11,57,12,59,13,61,31,63,64,64,64
28,28,27,29,6,36,37,21,13,35,45,5,26,54,14,15,17,18,19,20,42,44,23,25,50,52,55,56,30,31,32,33,34,1,2,3,38,39,40,41,4,43,10,12,46,47,48,49,7,51,8,53,9,22,11,57,58,59,60,61,62,63,64,64,64
29,29,30,37,31,28,21,38,36,15,45,22,34,23,27,20,32,18,19,40,42,44,46,25,26,52,54,56,58,60,62,64,1,35,2,3,4,39,5,41,6,43,7,8,9,47,48,49,50,51,10,53,11,55,12,57,13,59,14,61,33,63,17,17,17
30,29,30,37,31,28,21,15,38,36,22,45,20,23,34,27,46,47,49,51,53,56,58,60,5,6,7,8,10,42,43,44,12,25,18,48,19,50,33,52,35,54,62,57,39,59,41,61,26,26,26,26,26,26,26,26,26,26,26,26,26,26,26,26,26
31,29,30,37,31,28,21,38,36,15,45,22,34,23,27,20,32,18,19,40,42,44,46,25,26,52,54,56,58,60,62,64,1,35,2,3,4,39,5,41,6,43,7,8,9,47,48,49,50,51,10,53,11,55,12,57,13,59,14,61,33,63,17,17,17
32,42,43,50,32,34,35,55,51,41,44,36,52,49,28,37,59,31,47,20,21,22,23,25,26,27,54,29,30,60,62,33,1,2,3,4,38,39,40,5,6,7,8,45,46,9,48,10,11,12,13,53,14,15,56,57,58,17,18,61,19,63,64,64,64
33,33,34,42,41,26,28,25,8,9,10,11,12,13,14,15,17,18,19,20,21,22,23,48,50,27,54,29,30,31,32,64,1,35,36,37,38,39,40,2,3,43,44,45,46,47,4,49,5,51,52,53,6,55,56,57,58,59,60,61,62,63,7,7,7
34,34,46,45,42,26,35,33,27,41,47,43,25,49,44,50,36,54,28,29,37,22,23,48,51,52,55,56,30,31,32,64,1,2,3,4,38,39,40,5,6,7,8,9,10,11,12,13,14,15,17,53,18,19,20,57,58,59,60,61,62,63,21,21,21
35,35,62,36,43,27,34,64,54,26,42,45,53,21,28,37,44,18,19,20,1,22,23,25,50,52,55,29,30,31,32,33,2,3,4,5,38,39,40,41,6,7,8,9,46,47,48,49,10,51,11,12,13,14,56,57,58,59,60,61,15,63,17,17,17
36,36,18,37,44,35,29,45,28,27,26,10,19,43,17,15,34,1,38,20,42,22,23,25,50,52,54,56,30,31,32,33,2,3,4,5,6,39,40,41,7,8,9,21,46,47,48,49,11,51,12,53,13,55,14,57,58,59,60,61,62,63,64,64,64
37,37,21,36,45,29,5,63,30,28,38,22,53,44,54,55,12,13,6,15,35,1,23,25,50,52,2,57,58,31,62,33,34,3,4,10,26,39,40,41,7,8,9,42,46,47,48,49,11,51,27,56,14,32,17,18,19,59,60,61,20,43,64,64,64
38,38,12,25,37,46,26,33,20,4,34,17,27,13,14,15,35,36,19,40,21,22,23,48,50,52,28,29,30,31,32,64,1,2,3,8,5,39,6,41,42,43,44,45,7,47,18,49,9,51,10,53,54,55,56,57,58,59,60,61,62,63,11,11,11
39,47,10,23,39,15,46,18,9,1,38,22,48,27,55,29,31,19,2,40,42,44,4,25,26,52,28,56,30,60,62,33,3,35,8,37,5,6,7,41,17,43,20,45,21,11,12,49,50,51,13,53,54,14,32,57,58,59,34,61,36,63,64,64,64
40,40,2,3,4,5,6,7,8,9,10,11,12,13,14,15,17,18,19,20,21,22,23,25,26,27,28,29,30,31,32,33,34,35,36,37,38,39,1,41,42,43,44,45,46,47,48,49,50,51,52,53,54,55,56,57,58,59,60,61,62,63,64,64,64
41,59,41,11,51,42,33,60,58,50,52,49,34,30,61,25,17,18,19,20,21,22,46,48,26,27,28,29,1,31,32,64,2,35,36,37,38,39,40,3,4,43,44,45,5,47,6,7,8,9,10,53,54,55,56,57,23,12,13,14,62,63,15,15,15
42,42,43,50,32,34,35,55,51,41,44,36,52,49,28,37,59,31,47,20,21,22,23,25,26,27,54,29,30,60,62,33,1,2,3,4,38,39,40,5,6,7,8,45,46,9,48,10,11,12,13,53,14,15,56,57,58,17,18,61,19,63,64,64,64
43,42,43,50,32,34,35,55,51,41,44,36,52,49,28,37,59,31,47,20,21,22,23,25,26,27,54,29,30,60,62,33,1,2,3,4,38,39,40,5,6,7,8,45,46,9,48,10,11,12,13,53,14,15,56,57,58,17,18,61,19,63,64,64,64
44,44,57,36,52,8,45,43,49,37,50,53,51,58,7,35,59,18,19,20,21,22,23,25,26,27,28,29,1,31,32,33,2,3,4,5,38,39,40,41,42,6,14,17,46,47,48,9,10,11,12,13,54,55,56,30,15,34,60,61,62,63,64,64,64
45,45,44,37,53,46,36,52,41,51,54,29,61,13,14,15,17,18,19,20,21,22,23,25,26,27,28,56,30,31,32,33,34,35,1,2,38,39,40,3,42,43,4,5,6,47,48,49,50,7,8,9,10,55,11,57,58,59,60,12,62,63,64,64,64
46,34,46,45,42,26,35,33,27,41,47,43,25,49,44,50,36,54,28,29,37,22,23,48,51,52,55,56,30,31,32,64,1,2,3,4,38,39,40,5,6,7,8,9,10,11,12,13,14,15,17,53,18,19,20,57,58,59,60,61,62,63,21,21,21
47,47,10,23,39,15,46,18,9,1,38,22,48,27,55,29,31,19,2,40,42,44,4,25,26,52,28,56,30,60,62,33,3,35,8,37,5,6,7,41,17,43,20,45,21,11,12,49,50,51,13,53,54,14,32,57,58,59,34,61,36,63,64,64,64
48,50,48,51,42,14,58,43,49,22,57,13,45,47,59,30,17,18,19,20,21,44,23,25,26,27,54,29,1,60,32,33,34,35,36,37,38,39,40,41,2,3,4,5,46,6,7,8,9,10,52,53,11,55,56,12,28,31,15,61,62,63,64,64,64
49,53,49,45,3,50,52,41,61,57,37,33,51,54,42,60,44,62,22,20,21,1,23,25,2,27,28,29,30,31,32,64,34,35,36,6,38,39,40,4,5,43,12,7,46,47,48,8,9,10,11,26,13,55,56,14,58,59,15,17,18,63,19,19,19
50,50,48,51,42,14,58,43,49,22,57,13,45,47,59,30,17,18,19,20,21,44,23,25,26,27,54,29,1,60,32,33,34,35,36,37,38,39,40,41,2,3,4,5,46,6,7,8,9,10,52,53,11,55,56,12,28,31,15,61,62,63,64,64,64
51,51,52,44,43,50,59,60,53,61,45,33,35,27,15,17,18,19,20,21,22,23,25,26,1,28,29,30,31,32,2,34,3,36,37,38,39,40,41,42,4,5,6,46,47,48,49,7,8,9,10,54,55,56,57,58,11,12,14,62,62,62,62,62,62
52,51,52,44,43,50,59,60,53,61,45,27,35,33,14,15,17,18,19,20,21,22,23,25,26,1,28,29,30,31,32,64,34,2,36,37,38,39,40,41,42,3,4,5,46,47,48,49,6,7,8,9,54,55,56,57,58,10,11,12,62,63,13,13,13
53,53,49,45,50,52,41,61,33,57,37,42,54,44,51,60,22,62,29,30,31,56,34,35,5,6,38,39,7,8,43,10,12,46,47,48,15,18,19,20,21,36,23,25,58,59,26,27,28,28,28,28,28,28,28,28,28,28,28,28,28,28,28,28,28
54,54,53,46,4,5,6,7,8,9,10,11,12,13,14,15,17,18,19,20,21,22,23,25,26,27,28,29,30,31,32,33,34,35,36,37,38,39,40,41,42,43,44,45,1,47,48,49,50,51,52,2,3,55,56,57,58,59,60,61,62,63,64,64,64
55,42,43,50,32,34,35,55,51,41,44,36,52,49,28,37,59,31,47,20,21,22,23,25,26,27,54,29,30,60,62,33,1,2,3,4,38,39,40,5,6,7,8,45,46,9,48,10,11,12,13,53,14,15,56,57,58,17,18,61,19,63,64,64,64
56,56,48,64,4,5,6,7,8,9,10,11,12,13,14,15,17,18,19,20,21,22,23,25,26,27,28,29,30,31,32,33,34,35,36,37,38,39,40,41,42,43,44,45,46,47,1,49,50,51,52,53,54,55,2,57,58,59,60,61,62,63,3,3,3
57,44,57,36,52,8,45,43,49,37,50,53,51,58,7,35,59,18,19,20,21,22,23,25,26,27,28,29,1,31,32,33,2,3,4,5,38,39,40,41,42,6,14,17,46,47,48,9,10,11,12,13,54,55,56,30,15,34,60,61,62,63,64,64,64
58,58,50,59,42,5,6,7,8,9,10,11,12,13,14,15,17,18,19,20,21,22,23,25,26,27,28,29,30,31,32,33,34,35,36,37,38,39,40,41,1,43,44,45,46,47,48,49,2,51,52,53,54,55,56,57,3,4,60,61,62,63,64,64,64
59,59,41,11,51,42,33,60,58,50,52,49,34,30,61,25,17,18,19,20,21,22,46,48,26,27,28,29,1,31,32,64,2,35,36,37,38,39,40,3,4,43,44,45,5,47,6,7,8,9,10,53,54,55,56,57,23,12,13,14,62,63,15,15,15
60,60,22,59,52,30,23,15,29,53,51,61,21,14,31,32,17,18,19,20,42,44,46,25,26,27,28,56,58,1,62,33,34,35,36,37,38,39,40,41,2,43,3,45,4,47,48,49,50,5,6,7,54,55,8,57,9,10,11,12,13,63,64,64,64
61,61,19,13,60,45,27,53,4,20,21,18,12,28,14,15,34,36,38,40,42,22,23,25,50,52,54,29,30,31,32,33,1,35,2,37,3,39,8,41,5,43,44,6,46,47,48,49,7,51,17,9,10,55,56,57,58,59,11,26,62,63,64,64,64
62,35,62,36,43,27,34,64,54,26,42,45,53,21,28,37,44,18,19,20,1,22,23,25,50,52,55,29,30,31,32,33,2,3,4,5,38,39,40,41,6,7,8,9,46,47,48,49,10,51,11,12,13,14,56,57,58,59,60,61,15,63,17,17,17
63,37,21,36,45,29,5,63,30,28,38,22,53,44,54,55,12,13,6,15,35,1,23,25,50,52,2,57,58,31,62,33,34,3,4,10,26,39,40,41,7,8,9,42,46,47,48,49,11,51,27,56,14,32,17,18,19,59,60,61,20,43,64,64,64
64,35,62,36,43,27,34,64,54,26,42,45,53,21,28,37,44,18,19,20,1,22,23,25,50,52,55,29,30,31,32,33,2,3,4,5,38,39,40,41,6,7,8,9,46,47,48,49,10,51,11,12,13,14,56,57,58,59,60,61,15,63,17,17,17
