1,22,1,29,23,30,10,27,16,20,12,13,14,15,31,17,36,19,41,21,45,47,25,26,53,28,57,59,61,33,34,35,2,37,38,39,4,42,43,44,3,46,11,48,49,50,51,52,5,54,55,56,7,58,8,60,18,62,63,64,64,64,64,64,64
2,2,4,3,10,5,7,8,18,11,12,13,14,15,16,17,36,19,20,21,22,23,25,26,27,28,29,30,31,33,34,35,1,37,38,39,41,42,43,44,45,46,47,48,49,50,51,52,53,54,55,56,57,58,59,60,61,62,63,64,64,64,64,64,64
3,52,48,44,3,51,53,60,43,2,47,13,27,15,16,17,36,19,20,21,22,23,25,26,54,28,29,30,31,33,34,35,1,37,38,39,41,42,4,7,45,46,10,5,49,50,14,8,18,11,55,56,57,58,59,12,61,62,63,64,64,64,64,64,64
4,19,4,26,27,35,44,18,20,11,12,14,15,17,34,36,38,21,22,23,25,49,51,28,29,30,31,33,63,1,2,37,3,39,41,42,43,10,45,46,47,48,5,50,7,52,53,54,55,56,57,58,59,60,61,62,8,64,64,64,64,64,64,64,64
5,0,0,0,0,0,0,0,0,0,0,0,0,0,0,0,0,0,0,0,0,0,0,0,0,0,0,0,0,0,0,0,0,0,0,0,0,0,0,0,0,0,0,0,0,0,0,0,0,0,0,0,0,0,0,0,0,0,0,0,0,0,0,0,0
6,0,0,0,0,0,0,0,0,0,0,0,0,0,0,0,0,0,0,0,0,0,0,0,0,0,0,0,0,0,0,0,0,0,0,0,0,0,0,0,0,0,0,0,0,0,0,0,0,0,0,0,0,0,0,0,0,0,0,0,0,0,0,0,0
7,7,15,22,14,18,27,8,10,11,12,13,28,29,16,17,36,19,20,21,45,23,25,26,53,55,57,30,31,33,34,35,1,37,38,39,41,42,43,44,2,46,47,48,49,50,51,52,3,54,4,56,5,58,59,60,61,62,63,64,64,64,64,64,64
8,43,56,8,35,51,50,44,42,34,7,36,48,15,31,17,18,19,20,21,22,23,25,26,53,28,29,30,61,33,1,2,3,37,38,39,41,4,5,14,45,46,47,16,49,10,11,52,12,54,55,13,57,58,59,60,27,62,63,64,64,64,64,64,64
9,0,0,0,0,0,0,0,0,0,0,0,0,0,0,0,0,0,0,0,0,0,0,0,0,0,0,0,0,0,0,0,0,0,0,0,0,0,0,0,0,0,0,0,0,0,0,0,0,0,0,0,0,0,0,0,0,0,0,0,0,0,0,0,0
10,38,46,10,37,18,30,45,52,53,29,2,44,16,33,35,1,20,21,22,23,25,26,27,28,56,58,31,62,34,4,36,3,11,39,41,42,43,7,8,17,47,48,49,50,51,19,12,54,55,13,57,14,59,60,61,15,63,64,64,64,64,64,64,64
11,26,58,11,50,59,35,27,51,25,28,10,34,60,16,17,36,19,41,21,22,23,49,52,53,55,29,30,31,33,1,2,3,37,38,39,4,42,43,44,45,46,47,48,5,7,8,18,20,54,12,56,57,13,14,15,61,62,63,64,64,64,64,64,64
12,37,12,36,29,45,53,38,30,23,22,20,44,15,16,17,18,19,41,21,1,47,25,26,27,28,57,59,31,33,34,35,2,3,4,39,5,42,43,7,8,10,11,48,49,50,51,52,46,54,55,56,13,58,14,60,61,62,63,64,64,64,64,64,64
13,60,59,52,43,53,50,51,29,30,31,34,35,36,37,38,41,8,44,45,46,47,15,19,21,22,54,57,23,28,28,28,28,28,28,28,28,28,28,28,28,28,28,28,28,28,28,28,28,28,28,28,28,28,28,28,28,28,28,28,28,28,28,28,28
14,49,47,14,22,50,41,45,21,42,48,29,27,15,16,17,18,19,20,43,46,23,25,26,53,28,57,30,31,33,34,35,36,37,38,39,1,2,3,44,4,5,7,8,10,11,51,52,12,54,55,56,13,58,59,60,61,62,63,64,64,64,64,64,64
15,15,23,25,22,30,7,37,26,29,14,16,31,33,17,18,19,20,21,44,47,48,50,52,54,56,59,60,62,34,35,36,1,38,39,41,42,43,2,45,3,4,13,49,8,51,10,53,11,55,12,57,46,27,28,61,58,63,64,64,64,64,64,64,64
16,57,41,16,49,50,8,10,11,12,13,14,15,30,17,18,19,20,21,22,23,25,26,27,28,29,58,31,33,34,35,36,37,38,39,1,42,43,44,45,46,47,48,2,3,51,52,53,54,55,56,4,7,59,60,61,62,63,64,64,64,64,64,64,64
17,17,25,3,4,5,7,8,10,11,12,13,14,15,16,34,18,19,20,21,22,23,49,26,27,28,29,30,31,33,1,35,36,37,38,39,41,42,43,44,45,46,47,48,2,50,51,52,53,54,55,56,57,58,59,60,61,62,63,64,64,64,64,64,64
18,60,18,52,59,13,61,50,51,26,53,27,58,43,12,17,36,19,20,21,45,23,49,1,54,28,29,30,31,33,2,35,3,37,38,39,41,42,4,44,5,46,47,48,7,8,10,11,22,25,55,56,57,14,15,16,34,62,63,64,64,64,64,64,64
19,19,4,26,27,44,18,35,36,11,12,13,14,15,16,17,37,38,20,21,22,23,25,51,53,28,29,30,31,33,34,1,2,3,10,39,41,42,43,5,45,46,47,48,49,50,7,52,8,54,55,56,57,58,59,60,61,62,63,64,64,64,64,64,64
20,36,20,62,35,29,44,28,21,37,45,50,27,53,12,54,22,61,4,34,23,25,26,52,55,56,30,31,33,64,2,3,11,7,8,41,10,19,42,13,46,47,48,49,14,51,15,16,17,18,38,57,58,59,60,39,43,63,1,1,1,1,1,1,1
21,59,21,51,29,20,52,58,60,28,12,14,15,17,18,19,38,41,22,23,25,26,27,53,55,30,31,33,34,35,36,37,1,39,2,42,43,44,45,46,47,48,49,50,3,4,5,54,7,56,57,8,10,11,61,62,63,64,64,64,64,64,64,64,64
22,22,1,29,23,30,10,27,16,20,12,13,14,15,31,17,36,19,41,21,45,47,25,26,53,28,57,59,61,33,34,35,2,37,38,39,4,42,43,44,3,46,11,48,49,50,51,52,5,54,55,56,7,58,8,60,18,62,63,64,64,64,64,64,64
23,15,23,25,22,30,37,7,26,29,14,31,16,33,61,17,18,19,20,21,45,47,49,51,53,55,58,59,62,63,34,35,36,1,38,39,41,42,43,44,2,46,3,48,4,50,5,52,27,54,8,56,10,11,12,60,13,28,57,64,64,64,64,64,64
24,0,0,0,0,0,0,0,0,0,0,0,0,0,0,0,0,0,0,0,0,0,0,0,0,0,0,0,0,0,0,0,0,0,0,0,0,0,0,0,0,0,0,0,0,0,0,0,0,0,0,0,0,0,0,0,0,0,0,0,0,0,0,0,0
25,15,23,25,22,30,7,37,26,29,14,16,31,33,17,18,19,20,21,44,47,48,50,52,54,56,59,60,62,34,35,36,1,38,39,41,42,43,2,45,3,4,13,49,8,51,10,53,11,55,12,57,46,27,28,61,58,63,64,64,64,64,64,64,64
26,26,58,11,50,59,35,27,28,25,51,60,10,34,33,18,37,20,21,22,23,48,1,52,54,29,30,31,62,64,2,36,3,38,39,41,42,43,44,45,46,47,4,49,7,8,17,53,19,55,56,57,12,13,14,61,15,63,16,16,16,16,16,16,16
27,27,28,35,26,29,36,34,43,18,10,37,15,16,33,1,19,20,21,22,23,25,50,52,54,56,30,31,62,64,2,3,4,38,39,41,42,7,44,45,46,47,48,49,8,51,17,53,11,55,12,57,58,59,60,61,13,63,14,14,14,14,14,14,14
28,27,28,35,26,29,36,34,43,37,10,18,15,17,63,19,38,21,22,23,25,49,51,53,55,30,31,33,64,1,2,3,4,39,41,42,5,44,45,46,47,48,7,50,8,52,20,54,11,56,57,58,59,60,61,62,12,14,14,14,14,14,14,14,14
29,29,44,52,36,37,28,45,22,23,43,21,30,53,51,27,15,35,20,1,46,47,25,26,54,55,58,59,31,33,34,2,3,4,38,39,41,42,5,7,8,10,11,48,49,50,12,13,14,57,16,56,17,18,19,60,61,62,63,64,64,64,64,64,64
30,42,30,54,29,50,35,43,23,41,34,51,38,49,21,12,37,36,22,62,33,47,25,26,27,28,57,59,31,63,1,2,3,4,5,39,7,8,10,11,45,13,14,48,15,16,17,52,53,18,55,56,19,58,20,60,61,44,46,64,64,64,64,64,64
31,31,30,38,4,7,8,10,11,12,13,14,15,16,17,18,19,20,21,22,23,25,26,27,28,29,58,60,33,34,35,36,37,1,39,41,42,43,44,45,46,47,48,49,50,51,52,53,54,55,56,57,2,59,3,61,62,63,64,64,64,64,64,64,64
33,35,45,41,33,44,34,46,37,36,43,42,53,50,27,51,29,59,61,49,22,23,25,26,54,28,57,30,31,63,1,2,3,4,38,39,5,7,8,10,11,12,47,48,13,14,15,52,16,17,55,56,18,58,19,60,20,62,21,64,64,64,64,64,64
34,33,28,44,49,49,49,49,49,49,49,49,49,49,49,49,49,49,49,49,49,49,49,49,49,49,49,49,49,49,49,49,49,49,49,49,49,49,49,49,49,49,49,49,49,49,49,49,49,49,49,49,49,49,49,49,49,49,49,49,49,49,49,49,49
35,35,45,41,33,44,34,46,37,36,43,42,53,50,27,51,29,59,61,49,22,23,25,26,54,28,57,30,31,63,1,2,3,4,38,39,5,7,8,10,11,12,47,48,13,14,15,52,16,17,55,56,18,58,19,60,20,62,21,64,64,64,64,64,64
36,36,35,5,29,28,44,21,37,45,34,53,22,54,50,59,15,23,19,43,31,57,46,47,38,41,8,30,51,52,18,60,60,60,60,60,60,60,60,60,60,60,60,60,60,60,60,60,60,60,60,60,60,60,60,60,60,60,60,60,60,60,60,60,60
37,37,12,36,29,45,53,38,30,23,22,20,44,16,17,18,19,39,42,1,46,25,26,27,28,56,58,31,33,34,35,2,3,4,7,41,8,43,10,11,21,47,48,49,50,51,52,13,54,55,14,57,15,59,60,61,62,63,64,64,64,64,64,64,64
38,38,46,10,37,18,30,45,52,53,29,2,44,16,33,35,1,20,21,22,23,25,26,27,28,56,58,31,62,34,4,36,3,11,39,41,42,43,7,8,17,47,48,49,50,51,19,12,54,55,13,57,14,59,60,61,15,63,64,64,64,64,64,64,64
39,39,47,3,4,5,7,8,10,11,12,14,15,17,18,19,20,21,22,23,25,26,27,28,29,30,31,33,34,35,36,37,38,1,41,42,43,44,45,46,2,48,49,50,51,52,53,54,55,56,57,58,59,60,61,62,63,64,64,64,64,64,64,64,64
40,0,0,0,0,0,0,0,0,0,0,0,0,0,0,0,0,0,0,0,0,0,0,0,0,0,0,0,0,0,0,0,0,0,0,0,0,0,0,0,0,0,0,0,0,0,0,0,0,0,0,0,0,0,0,0,0,0,0,0,0,0,0,0,0
41,35,45,41,33,44,34,46,37,36,43,42,53,50,27,51,29,59,61,49,22,23,25,26,54,28,57,30,31,63,1,2,3,4,38,39,5,7,8,10,11,12,47,48,13,14,15,52,16,17,55,56,18,58,19,60,20,62,21,64,64,64,64,64,64
42,42,30,54,29,50,35,23,43,34,41,49,38,51,21,22,36,33,37,62,12,28,53,55,31,59,61,63,3,4,5,7,8,10,11,25,15,46,47,48,17,18,19,52,20,39,1,56,57,58,44,60,45,26,27,27,27,27,27,27,27,27,27,27,27
43,43,56,8,35,51,50,44,36,42,7,48,34,16,17,18,19,20,21,22,46,25,26,27,54,29,30,31,33,64,1,2,37,38,39,41,3,4,13,45,15,47,10,49,11,12,52,53,23,55,14,57,58,59,60,61,62,63,28,28,28,28,28,28,28
44,29,44,52,36,37,28,45,22,23,43,21,30,53,51,27,15,35,20,1,46,47,25,26,54,55,58,59,31,33,34,2,3,4,38,39,41,42,5,7,8,10,11,48,49,50,12,13,14,57,16,56,17,18,19,60,61,62,63,64,64,64,64,64,64
45,35,45,41,33,44,34,37,46,43,36,42,53,50,51,27,59,61,49,29,23,25,26,52,28,56,30,31,62,64,1,2,3,38,39,4,7,8,10,11,12,47,48,13,14,15,16,17,54,55,18,57,58,19,60,20,21,63,22,22,22,22,22,22,22
46,38,46,10,37,45,18,30,44,52,53,29,2,15,16,17,36,39,41,21,22,23,25,26,27,28,57,59,31,33,34,35,1,4,3,11,5,42,43,7,8,19,47,48,49,50,51,20,12,54,55,56,13,58,14,60,61,62,63,64,64,64,64,64,64
47,49,47,14,22,50,41,45,21,42,48,29,27,15,16,17,18,19,20,43,46,23,25,26,53,28,57,30,31,33,34,35,36,37,38,39,1,2,3,44,4,5,7,8,10,11,51,52,12,54,55,56,13,58,59,60,61,62,63,64,64,64,64,64,64
48,52,48,44,3,51,53,60,43,2,47,13,27,15,16,17,36,19,20,21,22,23,25,26,54,28,29,30,31,33,34,35,1,37,38,39,41,42,4,7,45,46,10,5,49,50,14,8,18,11,55,56,57,58,59,12,61,62,63,64,64,64,64,64,64
49,49,47,14,22,50,41,45,21,42,48,29,27,15,16,17,18,19,20,43,46,23,25,26,53,28,57,30,31,33,34,35,36,37,38,39,1,2,3,44,4,5,7,8,10,11,51,52,12,54,55,56,13,58,59,60,61,62,63,64,64,64,64,64,64
50,50,51,42,52,43,58,49,59,27,41,44,15,16,17,18,19,20,21,22,23,25,26,53,28,29,30,31,33,34,35,36,37,38,39,1,2,3,4,45,46,47,48,7,8,10,11,12,54,55,56,57,13,14,60,61,62,63,64,64,64,64,64,64,64
51,50,51,42,52,43,49,59,44,27,41,4,28,29,30,31,33,34,35,36,37,38,5,8,15,18,45,46,47,19,20,21,22,53,54,55,57,23,60,61,62,62,62,62,62,62,62,62,62,62,62,62,62,62,62,62,62,62,62,62,62,62,62,62,62
52,52,48,44,3,51,53,60,43,2,47,13,27,15,16,17,36,19,20,21,22,23,25,26,54,28,29,30,31,33,34,35,1,37,38,39,41,42,4,7,45,46,10,5,49,50,14,8,18,11,55,56,57,58,59,12,61,62,63,64,64,64,64,64,64
53,53,52,45,36,37,44,29,60,61,62,13,14,15,16,17,18,19,20,21,22,23,25,26,27,28,57,30,31,33,34,35,1,2,38,39,41,42,43,3,4,46,47,48,49,50,51,5,7,54,55,56,8,58,59,10,11,12,63,64,64,64,64,64,64
54,42,30,54,29,50,35,43,23,41,34,51,38,49,21,12,37,36,22,62,33,47,25,26,27,28,57,59,31,63,1,2,3,4,5,39,7,8,10,11,45,13,14,48,15,16,17,52,53,18,55,56,19,58,20,60,61,44,46,64,64,64,64,64,64
55,55,2,3,4,5,7,8,10,11,12,13,14,15,16,17,18,19,20,21,22,23,25,26,27,28,29,30,31,33,34,35,36,37,38,39,41,42,43,44,45,46,47,48,49,50,51,52,53,54,1,56,57,58,59,60,61,62,63,64,64,64,64,64,64
56,43,56,8,35,51,50,44,42,34,7,36,48,15,31,17,18,19,20,21,22,23,25,26,53,28,29,30,61,33,1,2,3,37,38,39,41,4,5,14,45,46,47,16,49,10,11,52,12,54,55,13,57,58,59,60,27,62,63,64,64,64,64,64,64
57,57,41,50,49,5,7,8,10,11,12,14,15,17,18,19,20,21,22,23,25,26,27,28,29,30,31,33,34,35,36,37,38,39,1,42,43,44,45,46,47,48,2,3,51,52,53,54,55,56,4,58,59,60,61,62,63,63,63,63,63,63,63,63,63
58,26,58,11,50,59,35,27,51,25,28,10,34,60,16,17,36,19,41,21,22,23,49,52,53,55,29,30,31,33,1,2,3,37,38,39,4,42,43,44,45,46,47,48,5,7,8,18,20,54,12,56,57,13,14,15,61,62,63,64,64,64,64,64,64
59,59,21,51,29,20,52,58,60,28,13,14,15,16,17,18,19,39,42,22,23,25,26,27,54,56,30,31,33,34,35,36,37,38,1,41,2,43,44,45,46,47,48,49,50,3,4,53,7,55,8,57,10,11,12,61,62,63,64,64,64,64,64,64,64
60,60,18,52,59,13,61,50,51,26,53,58,12,43,27,17,19,20,42,22,46,25,1,2,28,29,30,31,62,34,3,36,37,38,39,41,4,7,44,45,8,47,48,49,10,11,21,23,54,55,56,57,14,15,16,33,35,63,64,64,64,64,64,64,64
61,34,61,63,42,43,26,27,60,35,33,64,50,62,54,45,18,19,20,21,22,23,25,51,53,28,29,30,31,1,2,3,36,37,38,39,41,4,5,44,7,46,47,48,49,8,10,52,11,12,55,56,57,58,59,13,14,15,16,17,17,17,17,17,17
62,36,20,62,35,5,29,44,28,37,21,45,22,12,50,53,54,34,4,61,27,47,49,26,2,55,57,30,31,33,3,10,13,7,38,39,8,42,18,11,23,25,14,48,15,16,51,52,17,1,19,56,41,58,59,60,43,46,63,64,64,64,64,64,64
63,34,61,63,42,43,26,27,60,35,33,64,50,62,54,45,18,19,20,21,22,23,25,51,53,28,29,30,31,1,2,3,36,37,38,39,41,4,5,44,7,46,47,48,49,8,10,52,11,12,55,56,57,58,59,13,14,15,16,17,17,17,17,17,17
64,34,61,63,42,26,27,60,35,33,64,43,50,45,54,62,19,20,21,22,23,25,51,52,28,29,30,31,1,2,3,36,37,38,39,41,4,7,44,8,46,47,48,49,10,11,12,53,13,55,56,57,58,59,14,15,16,17,18,18,18,18,18,18,18
