1,26,1,27,34,22,33,18,19,12,13,14,15,16,17,36,38,20,21,44,25,48,50,28,29,30,31,60,62,35,3,37,5,39,40,41,42,43,4,45,46,47,11,49,8,51,52,53,54,55,56,57,58,59,9,61,10,63,64,64,64,64,64,64,64
2,0,0,0,0,0,0,0,0,0,0,0,0,0,0,0,0,0,0,0,0,0,0,0,0,0,0,0,0,0,0,0,0,0,0,0,0,0,0,0,0,0,0,0,0,0,0,0,0,0,0,0,0,0,0,0,0,0,0,0,0,0,0,0,0
3,50,3,43,41,51,57,58,59,12,13,14,15,16,17,18,38,20,21,22,25,26,27,28,29,30,31,33,34,35,36,37,1,39,40,5,42,4,44,45,46,47,48,49,11,8,52,53,54,55,56,9,10,19,60,61,62,63,64,64,64,64,64,64,64
4,53,4,52,45,59,60,61,11,12,13,14,29,16,17,18,19,20,21,22,25,26,27,28,54,30,31,33,34,35,36,37,38,39,40,41,42,43,44,1,46,47,48,49,50,51,3,9,5,55,56,57,58,8,15,10,62,63,64,64,64,64,64,64,64
5,21,38,5,64,22,39,10,19,12,13,14,15,16,17,18,1,20,42,44,25,26,27,28,29,30,31,33,34,35,36,37,3,4,40,41,11,43,8,45,46,47,48,49,50,51,52,53,54,55,56,57,58,59,60,61,62,63,9,9,9,9,9,9,9
6,0,0,0,0,0,0,0,0,0,0,0,0,0,0,0,0,0,0,0,0,0,0,0,0,0,0,0,0,0,0,0,0,0,0,0,0,0,0,0,0,0,0,0,0,0,0,0,0,0,0,0,0,0,0,0,0,0,0,0,0,0,0,0,0
7,0,0,0,0,0,0,0,0,0,0,0,0,0,0,0,0,0,0,0,0,0,0,0,0,0,0,0,0,0,0,0,0,0,0,0,0,0,0,0,0,0,0,0,0,0,0,0,0,0,0,0,0,0,0,0,0,0,0,0,0,0,0,0,0
8,45,46,53,8,44,37,36,11,12,25,14,15,16,17,18,19,20,21,22,47,26,27,28,29,30,31,33,34,35,1,3,38,39,40,41,42,43,4,5,13,9,48,49,50,51,52,10,54,55,56,57,58,59,60,61,62,63,64,64,64,64,64,64,64
9,9,8,4,5,13,15,10,11,12,25,14,29,16,17,18,19,20,21,22,46,26,27,28,54,30,31,33,34,35,36,37,38,39,40,41,42,43,44,45,1,47,48,49,50,51,52,53,3,55,56,57,58,59,60,61,62,63,64,64,64,64,64,64,64
10,10,48,40,5,8,9,17,11,12,13,14,15,16,34,18,19,20,21,22,25,26,27,28,29,30,31,33,62,35,36,37,38,39,1,41,42,43,44,45,46,47,3,49,50,51,52,53,54,55,56,57,58,59,60,61,4,63,64,64,64,64,64,64,64
11,42,60,11,43,41,52,50,34,59,35,49,61,53,51,18,38,20,21,22,25,26,27,28,29,30,31,33,62,64,36,37,1,39,40,3,4,5,44,45,46,47,48,8,9,10,19,12,54,55,56,57,58,13,14,15,16,63,17,17,17,17,17,17,17
12,12,39,25,26,33,34,10,11,21,13,14,15,16,17,18,19,20,42,22,46,48,27,28,29,30,31,60,62,35,36,37,38,1,40,41,3,43,44,45,4,47,5,49,50,51,52,53,54,55,56,57,58,59,8,61,9,63,64,64,64,64,64,64,64
13,19,13,18,27,8,9,10,11,12,25,14,15,16,17,36,38,20,21,22,46,26,50,28,29,30,31,33,34,35,1,37,3,39,40,41,42,43,44,45,4,47,48,49,5,51,52,53,54,55,56,57,58,59,60,61,62,63,64,64,64,64,64,64,64
15,51,49,15,50,52,57,59,58,41,33,14,29,16,17,18,19,20,21,22,25,26,27,28,54,30,31,60,34,35,36,37,38,39,40,1,42,43,44,45,46,47,48,3,4,5,8,53,9,55,56,10,11,12,13,61,62,63,64,64,64,64,64,64,64
16,27,28,26,16,36,18,19,43,34,17,14,15,31,35,37,38,20,21,22,25,48,50,52,29,30,58,33,62,64,1,3,4,39,40,41,42,5,44,45,46,47,8,49,9,51,10,53,54,55,56,57,11,59,60,61,12,63,13,13,13,13,13,13,13
17,17,3,4,8,9,10,11,12,13,14,15,16,34,18,19,20,21,22,26,27,28,29,30,31,33,60,35,36,37,38,39,40,41,42,43,44,45,46,47,48,49,50,51,52,53,54,55,56,57,58,59,1,61,62,63,64,64,64,64,64,64,64,64,64
18,37,18,45,36,26,29,28,11,12,13,14,15,16,17,1,19,20,21,22,25,48,27,52,54,30,31,33,34,35,3,4,38,39,40,41,42,43,44,5,46,47,8,49,50,51,9,53,10,55,56,57,58,59,60,61,62,63,64,64,64,64,64,64,64
19,19,13,18,27,8,9,10,11,12,25,14,15,16,17,36,38,20,21,22,46,26,50,28,29,30,31,33,34,35,1,37,3,39,40,41,42,43,44,45,4,47,48,49,5,51,52,53,54,55,56,57,58,59,60,61,62,63,64,64,64,64,64,64,64
20,20,3,4,5,8,9,10,11,12,13,14,15,16,17,18,19,40,21,22,25,26,27,28,29,30,31,33,34,35,36,37,38,39,1,41,42,43,44,45,46,47,48,49,50,51,52,53,54,55,56,57,58,59,60,61,62,63,64,64,64,64,64,64,64
21,21,38,5,64,22,39,10,19,12,13,14,15,16,17,18,1,20,42,44,25,26,27,28,29,30,31,33,34,35,36,37,3,4,40,41,11,43,8,45,46,47,48,49,50,51,52,53,54,55,56,57,58,59,60,61,62,63,9,9,9,9,9,9,9
22,22,38,4,5,8,9,10,11,12,13,14,15,16,17,18,19,20,21,44,25,26,27,28,29,30,31,33,34,35,36,37,1,39,40,41,42,43,3,45,46,47,48,49,50,51,52,53,54,55,56,57,58,59,60,61,62,63,64,64,64,64,64,64,64
23,0,0,0,0,0,0,0,0,0,0,0,0,0,0,0,0,0,0,0,0,0,0,0,0,0,0,0,0,0,0,0,0,0,0,0,0,0,0,0,0,0,0,0,0,0,0,0,0,0,0,0,0,0,0,0,0,0,0,0,0,0,0,0,0
25,12,39,25,26,33,34,10,11,21,13,14,15,16,17,18,19,20,42,22,46,48,27,28,29,30,31,60,62,35,36,37,38,1,40,41,3,43,44,45,4,47,5,49,50,51,52,53,54,55,56,57,58,59,8,61,9,63,64,64,64,64,64,64,64
26,26,1,27,34,22,33,18,19,12,13,14,15,16,17,36,38,20,21,44,25,48,50,28,29,30,31,60,62,35,3,37,5,39,40,41,42,43,4,45,46,47,11,49,8,51,52,53,54,55,56,57,58,59,9,61,10,63,64,64,64,64,64,64,64
27,27,28,26,16,36,18,19,43,34,17,14,15,31,35,37,38,20,21,22,25,48,50,52,29,30,58,33,62,64,1,3,4,39,40,41,42,5,44,45,46,47,8,49,9,51,10,53,54,55,56,57,11,59,60,61,12,63,13,13,13,13,13,13,13
28,28,36,26,29,30,9,10,11,12,13,14,15,16,17,18,19,20,21,22,25,48,27,52,54,56,31,33,34,35,1,37,38,39,40,41,42,43,44,45,46,47,3,49,50,51,4,53,5,55,8,57,58,59,60,61,62,63,64,64,64,64,64,64,64
29,30,29,31,28,37,38,14,11,12,13,27,15,16,17,18,19,20,21,22,25,26,50,52,54,56,58,33,34,35,36,1,3,39,40,41,42,43,44,45,46,47,48,49,4,51,5,53,8,55,9,57,10,59,60,61,62,63,64,64,64,64,64,64,64
30,30,29,31,28,37,38,14,11,12,13,27,15,16,17,18,19,20,21,22,25,26,50,52,54,56,58,33,34,35,36,1,3,39,40,41,42,43,44,45,46,47,48,49,4,51,5,53,8,55,9,57,10,59,60,61,62,63,64,64,64,64,64,64,64
31,30,29,31,28,37,38,14,11,12,13,27,15,16,17,18,19,20,21,22,25,26,50,52,54,56,58,33,34,35,36,1,3,39,40,41,42,43,44,45,46,47,48,49,4,51,5,53,8,55,9,57,10,59,60,61,62,63,64,64,64,64,64,64,64
33,44,43,56,33,36,45,52,42,53,37,50,34,35,58,26,60,25,51,46,47,27,28,29,30,31,59,61,63,1,3,38,39,40,41,4,8,9,10,11,12,48,49,13,14,15,16,54,55,17,57,18,19,20,21,62,22,64,64,64,64,64,64,64,64
34,57,34,62,33,26,42,35,49,63,41,14,15,16,17,18,19,20,21,22,25,48,27,28,29,30,31,60,1,64,36,37,38,39,40,3,4,43,44,45,46,47,5,8,50,51,52,53,54,55,56,9,58,59,10,61,11,12,13,13,13,13,13,13,13
35,35,47,36,27,46,43,48,39,28,45,14,15,16,17,18,19,20,21,22,25,26,50,52,29,30,31,33,34,64,1,37,38,3,40,41,42,4,44,5,8,9,10,49,11,51,12,53,54,55,56,57,58,59,60,61,62,63,13,13,13,13,13,13,13
36,36,63,37,28,44,35,27,52,29,33,43,45,16,17,18,19,20,21,22,25,26,50,53,54,30,31,60,34,64,1,3,38,39,40,41,42,4,5,8,46,47,48,49,9,51,10,11,12,55,56,57,58,59,13,61,62,14,15,15,15,15,15,15,15
37,37,18,45,36,26,29,28,11,12,13,14,15,16,17,1,19,20,21,22,25,48,27,52,54,30,31,33,34,35,3,4,38,39,40,41,42,43,44,5,46,47,8,49,50,51,9,53,10,55,56,57,58,59,60,61,62,63,64,64,64,64,64,64,64
38,21,38,5,64,22,39,10,19,12,13,14,15,16,17,18,1,20,42,44,25,26,27,28,29,30,31,33,34,35,36,37,3,4,40,41,11,43,8,45,46,47,48,49,50,51,52,53,54,55,56,57,58,59,60,61,62,63,9,9,9,9,9,9,9
39,12,39,26,33,34,27,19,20,21,22,41,42,28,29,30,50,52,35,36,37,38,4,10,18,43,44,45,46,47,48,49,14,51,16,53,54,56,57,58,59,60,61,62,62,62,62,62,62,62,62,62,62,62,62,62,62,62,62,62,62,62,62,62,62
40,10,48,40,5,8,9,17,11,12,13,14,15,16,34,18,19,20,21,22,25,26,27,28,29,30,31,33,62,35,36,37,38,39,1,41,42,43,44,45,46,47,3,49,50,51,52,53,54,55,56,57,58,59,60,61,4,63,64,64,64,64,64,64,64
41,41,54,42,53,62,33,10,11,12,13,14,15,16,17,18,19,20,21,22,25,26,27,28,29,30,31,60,34,35,36,37,38,39,40,1,3,43,44,45,46,47,48,49,50,51,52,4,5,55,56,57,58,59,8,61,9,63,64,64,64,64,64,64,64
42,42,60,11,43,41,52,50,34,59,35,49,61,53,51,18,38,20,21,22,25,26,27,28,29,30,31,33,62,64,36,37,1,39,40,3,4,5,44,45,46,47,48,8,9,10,19,12,54,55,56,57,58,13,14,15,16,63,17,17,17,17,17,17,17
43,44,43,56,33,36,45,52,42,53,37,50,34,35,58,26,60,25,51,22,46,48,27,28,29,30,31,61,62,64,1,3,38,39,40,41,4,5,8,9,10,47,11,49,12,13,14,15,54,55,16,57,17,59,18,19,20,63,21,21,21,21,21,21,21
44,44,43,56,33,36,45,52,42,53,37,50,34,35,58,26,60,25,51,22,46,48,27,28,29,30,31,61,62,64,1,3,38,39,40,41,4,5,8,9,10,47,11,49,12,13,14,15,54,55,16,57,17,59,18,19,20,63,21,21,21,21,21,21,21
45,36,29,42,41,41,41,41,41,41,41,41,41,41,41,41,41,41,41,41,41,41,41,41,41,41,41,41,41,41,41,41,41,41,41,41,41,41,41,41,41,41,41,41,41,41,41,41,41,41,41,41,41,41,41,41,41,41,41,41,41,41,41,41,41
46,46,58,45,50,47,39,49,37,38,13,14,15,16,17,18,19,20,21,22,25,26,27,28,29,30,31,33,34,35,36,1,3,4,40,41,42,43,44,5,8,9,48,10,11,51,52,53,54,55,56,57,12,59,60,61,62,63,64,64,64,64,64,64,64
47,35,47,36,27,46,43,48,39,28,45,14,15,16,17,18,19,20,21,22,25,26,50,52,29,30,31,33,34,64,1,37,38,3,40,41,42,4,44,5,8,9,10,49,11,51,12,53,54,55,56,57,58,59,60,61,62,63,13,13,13,13,13,13,13
48,10,48,40,5,8,9,17,11,12,13,14,15,16,34,18,19,20,21,22,25,26,27,28,29,30,31,33,62,35,36,37,38,39,1,41,42,43,44,45,46,47,3,49,50,51,52,53,54,55,56,57,58,59,60,61,4,63,64,64,64,64,64,64,64
49,51,49,15,50,52,57,59,58,41,33,28,16,17,18,19,20,21,22,25,26,27,1,29,30,31,60,34,35,36,37,38,39,40,3,42,43,44,45,46,47,48,4,8,9,10,53,54,55,56,11,12,13,14,61,62,63,64,64,64,64,64,64,64,64
50,50,3,43,41,51,57,58,59,12,13,14,15,16,17,18,38,20,21,22,25,26,27,28,29,30,31,33,34,35,36,37,1,39,40,5,42,4,44,45,46,47,48,49,11,8,52,53,54,55,56,9,10,19,60,61,62,63,64,64,64,64,64,64,64
51,51,49,15,50,52,57,59,58,41,33,14,29,16,17,18,19,20,21,22,25,26,27,28,54,30,31,60,34,35,36,37,38,39,40,1,42,43,44,45,46,47,48,3,4,5,8,53,9,55,56,10,11,12,13,61,62,63,64,64,64,64,64,64,64
52,52,51,53,44,60,9,10,11,12,13,14,15,16,17,18,19,20,21,22,25,26,27,28,29,30,31,33,34,35,36,37,38,39,40,41,42,43,1,45,46,47,48,49,50,3,4,5,54,55,56,57,58,59,8,61,62,63,64,64,64,64,64,64,64
53,53,4,52,45,59,60,61,11,12,13,14,29,16,17,18,19,20,21,22,25,26,27,28,54,30,31,33,34,35,36,37,38,39,40,41,42,43,44,1,46,47,48,49,50,51,3,9,5,55,56,57,58,8,15,10,62,63,64,64,64,64,64,64,64
54,41,54,42,53,62,33,11,12,13,14,15,16,17,18,19,20,21,22,26,27,28,29,30,31,58,34,35,36,37,38,39,40,1,3,43,44,45,46,47,48,49,50,51,52,4,8,55,56,57,9,59,60,61,10,63,64,64,64,64,64,64,64,64,64
55,61,55,60,5,8,9,10,11,12,13,14,15,16,17,18,19,20,21,22,25,26,27,28,29,30,31,33,34,35,36,37,38,39,40,41,42,43,44,45,46,47,48,49,50,51,52,53,54,1,56,57,58,59,3,4,62,63,64,64,64,64,64,64,64
56,44,43,56,33,36,45,52,42,53,37,50,34,35,58,26,60,25,51,22,46,48,27,28,29,30,31,61,62,64,1,3,38,39,40,41,4,5,8,9,10,47,11,49,12,13,14,15,54,55,16,57,17,59,18,19,20,63,21,21,21,21,21,21,21
57,57,34,62,33,26,42,35,49,63,41,14,15,16,17,18,19,20,21,22,25,48,27,28,29,30,31,60,1,64,36,37,38,39,40,3,4,43,44,45,46,47,5,8,50,51,52,53,54,55,56,9,58,59,10,61,11,12,13,13,13,13,13,13,13
58,46,58,45,50,47,39,49,37,38,13,14,15,16,17,18,19,20,21,22,25,26,27,28,29,30,31,33,34,35,36,1,3,4,40,41,42,43,44,5,8,9,48,10,11,51,52,53,54,55,56,57,12,59,60,61,62,63,64,64,64,64,64,64,64
59,59,51,58,52,36,60,10,11,12,13,14,15,16,17,18,19,20,21,22,25,26,27,28,29,30,31,33,34,35,1,37,38,39,40,41,42,43,44,45,46,47,48,49,50,3,4,53,54,55,56,57,5,8,9,61,62,63,64,64,64,64,64,64,64
60,42,60,11,41,43,50,34,52,59,35,49,53,61,51,19,20,21,22,25,26,27,28,29,30,31,33,62,63,1,37,38,39,40,3,4,8,44,45,46,47,48,9,10,18,12,13,54,55,56,57,58,14,15,16,17,36,64,64,64,64,64,64,64,64
61,61,55,60,8,9,10,11,12,13,14,15,16,17,18,19,20,21,22,25,26,27,28,29,30,31,33,34,35,36,37,38,39,40,41,42,43,44,45,46,47,48,49,50,51,52,53,54,1,56,57,58,59,3,4,62,63,64,64,64,64,64,64,64,64
62,57,34,62,33,26,42,35,49,63,41,14,15,16,17,18,19,20,21,22,25,48,27,28,29,30,31,60,1,64,36,37,38,39,40,3,4,43,44,45,46,47,5,8,50,51,52,53,54,55,56,9,58,59,10,61,11,12,13,13,13,13,13,13,13
63,36,63,37,28,44,35,27,52,29,33,43,45,16,17,18,19,20,21,22,25,26,50,53,54,30,31,60,34,64,1,3,38,39,40,41,42,4,5,8,46,47,48,49,9,51,10,11,12,55,56,57,58,59,13,61,62,14,15,15,15,15,15,15,15
64,21,38,5,64,22,39,10,19,12,13,14,15,16,17,18,1,20,42,44,25,26,27,28,29,30,31,33,34,35,36,37,3,4,40,41,11,43,8,45,46,47,48,49,50,51,52,53,54,55,56,57,58,59,60,61,62,63,9,9,9,9,9,9,9
