1,22,30,1,29,21,23,15,28,10,37,36,14,31,17,18,38,20,42,43,45,25,26,27,53,55,57,59,33,34,35,2,5,4,39,40,11,6,7,44,9,46,47,48,49,50,51,52,19,54,41,56,12,58,13,60,61,62,63,63,63,63,63,63,63
2,2,10,3,9,5,13,7,18,20,11,12,27,14,15,17,35,19,39,21,22,23,25,26,51,28,29,30,31,32,33,34,1,36,37,38,4,40,41,42,43,44,45,46,47,48,49,50,6,52,53,54,55,56,57,58,59,60,61,62,63,63,63,63,63
3,51,47,50,43,52,3,59,44,46,45,34,38,49,15,17,18,19,20,21,22,23,25,26,1,28,29,30,31,32,33,2,35,36,37,6,39,40,41,42,4,5,13,7,9,48,10,11,12,27,53,54,55,56,57,58,14,60,61,62,63,63,63,63,63
4,50,19,51,42,4,49,12,41,27,43,52,58,21,34,6,20,59,60,1,22,23,47,26,2,53,29,30,31,32,33,3,9,36,5,38,13,40,7,18,10,44,45,46,11,48,25,28,14,15,17,54,55,56,57,35,37,39,61,62,63,63,63,63,63
5,35,20,61,5,27,34,36,43,60,28,53,21,26,50,52,45,51,13,44,1,23,25,49,2,3,29,30,31,32,33,4,11,6,37,38,7,40,9,42,10,22,12,46,47,48,54,14,15,17,18,19,55,56,57,58,59,39,41,62,63,63,63,63,63
6,6,13,5,7,11,14,15,9,10,22,12,27,29,31,17,18,19,20,21,43,23,25,26,51,28,55,30,59,32,33,34,35,36,37,38,39,40,41,42,1,44,45,46,47,48,49,50,2,52,53,54,3,56,57,58,4,60,61,62,63,63,63,63,63
7,7,9,15,29,14,22,6,21,10,11,12,27,30,31,33,35,19,20,41,43,23,25,26,51,28,55,57,59,32,63,34,1,36,37,38,39,40,2,42,3,44,45,46,47,48,49,50,4,52,53,54,5,56,13,58,17,60,61,62,18,18,18,18,18
8,0,0,0,0,0,0,0,0,0,0,0,0,0,0,0,0,0,0,0,0,0,0,0,0,0,0,0,0,0,0,0,0,0,0,0,0,0,0,0,0,0,0,0,0,0,0,0,0,0,0,0,0,0,0,0,0,0,0,0,0,0,0,0,0
9,7,9,15,29,14,22,6,21,10,11,12,27,30,31,33,35,19,20,41,43,23,25,26,51,28,55,57,59,32,63,34,1,36,37,38,39,40,2,42,3,44,45,46,47,48,49,50,4,52,53,54,5,56,13,58,17,60,61,62,18,18,18,18,18
10,37,45,10,36,44,53,29,46,52,38,61,18,28,23,34,35,19,39,21,22,1,25,26,27,54,55,30,31,32,33,2,3,4,5,6,7,40,41,42,43,9,20,11,47,48,49,50,51,12,13,14,15,56,57,58,59,60,17,62,63,63,63,63,63
11,57,26,39,11,49,34,27,50,18,45,47,53,25,58,59,35,19,20,21,43,23,48,1,51,28,29,30,31,32,33,2,3,36,37,38,4,40,41,42,5,44,6,46,7,9,10,22,12,52,13,54,55,56,14,15,17,60,61,62,63,63,63,63,63
12,36,12,35,44,37,28,45,29,26,27,23,34,14,15,17,18,19,20,21,22,46,47,49,51,53,55,30,31,32,33,1,2,3,4,38,39,40,41,42,43,5,6,7,9,48,10,50,11,52,25,54,13,56,57,58,59,60,61,62,63,63,63,63,63
13,18,13,26,12,27,20,10,9,21,11,25,28,14,15,17,35,19,39,41,22,23,47,49,51,53,29,30,31,32,33,34,1,36,37,38,2,40,3,42,43,44,45,46,4,48,5,50,6,52,7,54,55,56,57,58,59,60,61,62,63,63,63,63,63
14,46,48,14,45,47,38,22,44,21,6,53,37,29,15,17,18,19,20,41,43,23,25,26,51,28,55,30,31,32,33,34,35,36,1,2,39,40,3,42,4,5,13,7,9,10,49,50,11,52,12,54,27,56,57,58,59,60,61,62,63,63,63,63,63
15,15,23,25,22,14,31,30,26,50,36,29,44,37,21,7,18,19,20,41,43,45,47,49,27,28,56,57,59,61,63,34,35,1,2,38,39,40,3,42,4,5,6,46,17,48,9,10,51,52,53,54,11,12,13,58,55,60,32,62,33,33,33,33,33
16,0,0,0,0,0,0,0,0,0,0,0,0,0,0,0,0,0,0,0,0,0,0,0,0,0,0,0,0,0,0,0,0,0,0,0,0,0,0,0,0,0,0,0,0,0,0,0,0,0,0,0,0,0,0,0,0,0,0,0,0,0,0,0,0
17,34,17,42,26,35,33,43,36,37,50,51,27,28,59,18,1,19,20,21,22,23,25,49,52,53,29,30,31,32,2,3,4,5,6,38,39,40,41,7,9,44,45,46,47,48,10,11,12,13,14,54,55,56,57,58,15,60,61,62,63,63,63,63,63
18,18,13,26,12,27,20,10,9,21,11,25,28,14,15,17,35,19,39,41,22,23,47,49,51,53,29,30,31,32,33,34,1,36,37,38,2,40,3,42,43,44,45,46,4,48,5,50,6,52,7,54,55,56,57,58,59,60,61,62,63,63,63,63,63
19,50,19,51,42,4,49,12,41,27,43,52,58,21,34,6,20,59,60,1,22,23,47,26,2,53,29,30,31,32,33,3,9,36,5,38,13,40,7,18,10,44,45,46,11,48,25,28,14,15,17,54,55,56,57,35,37,39,61,62,63,63,63,63,63
20,35,20,61,5,27,34,36,43,60,28,53,21,26,50,52,45,51,13,44,1,23,25,49,2,3,29,30,31,32,33,4,11,6,37,38,7,40,9,42,10,22,12,46,47,48,54,14,15,17,18,19,55,56,57,58,59,39,41,62,63,63,63,63,63
21,21,58,29,50,28,51,22,30,57,49,59,18,19,20,38,40,23,25,26,27,1,52,54,31,33,34,35,36,37,2,39,4,41,42,43,44,45,46,47,48,5,6,10,11,53,12,55,56,13,15,17,60,61,62,63,63,63,63,63,63,63,63,63,63
22,22,30,1,29,21,23,15,28,36,37,10,13,14,31,17,35,19,39,41,43,45,25,26,27,53,55,57,59,32,33,34,2,4,3,38,9,40,5,42,6,44,7,46,47,48,49,50,51,52,18,54,20,56,11,58,12,60,61,62,63,63,63,63,63
23,15,23,25,22,14,31,30,26,50,36,29,44,37,21,7,18,19,20,41,43,45,47,49,27,28,56,57,59,61,63,34,35,1,2,38,39,40,3,42,4,5,6,46,17,48,9,10,51,52,53,54,11,12,13,58,55,60,32,62,33,33,33,33,33
24,0,0,0,0,0,0,0,0,0,0,0,0,0,0,0,0,0,0,0,0,0,0,0,0,0,0,0,0,0,0,0,0,0,0,0,0,0,0,0,0,0,0,0,0,0,0,0,0,0,0,0,0,0,0,0,0,0,0,0,0,0,0,0,0
25,15,23,25,22,14,31,30,26,50,36,29,44,37,21,7,18,19,20,41,43,45,47,49,27,28,56,57,59,61,63,34,35,1,2,38,39,40,3,42,4,5,6,46,17,48,9,10,51,52,53,54,11,12,13,58,55,60,32,62,33,33,33,33,33
26,57,26,39,11,49,34,27,50,18,45,47,53,25,58,59,35,19,20,21,43,23,48,1,51,28,29,30,31,32,33,2,3,36,37,38,4,40,41,42,5,44,6,46,7,9,10,22,12,52,13,54,55,56,14,15,17,60,61,62,63,63,63,63,63
27,28,27,35,36,26,34,10,42,25,18,50,37,19,33,17,1,38,39,21,22,23,47,49,51,53,29,30,31,32,63,2,3,4,5,6,7,40,41,9,43,44,45,46,20,48,11,12,13,52,14,54,55,56,57,58,59,60,61,62,15,15,15,15,15
28,28,27,35,36,26,34,10,42,25,18,50,37,19,33,17,1,38,39,21,22,23,47,49,51,53,29,30,31,32,63,2,3,4,5,6,7,40,41,9,43,44,45,46,20,48,11,12,13,52,14,54,55,56,57,58,59,60,61,62,15,15,15,15,15
29,29,43,50,37,51,42,35,28,44,45,21,23,34,49,22,36,52,27,53,38,46,25,26,2,54,55,30,31,32,33,3,4,5,6,7,39,40,9,10,11,12,13,14,47,48,15,17,18,19,20,41,1,56,57,58,59,60,61,62,63,63,63,63,63
30,53,30,41,29,45,42,38,61,40,50,34,52,60,23,44,33,46,15,22,54,51,25,26,27,28,55,57,59,32,63,2,35,36,37,3,39,4,5,6,7,9,10,11,47,48,49,12,13,14,31,17,18,56,19,58,20,21,43,62,1,1,1,1,1
31,59,31,51,60,52,58,39,57,45,50,30,13,14,15,17,18,19,20,21,22,23,25,26,27,28,29,1,2,32,33,34,35,36,37,38,3,40,41,42,43,44,4,46,47,48,49,5,6,7,53,54,55,56,9,10,11,12,61,62,63,63,63,63,63
32,44,36,52,43,32,45,51,35,31,46,3,41,14,15,17,18,19,20,21,22,23,25,26,1,28,29,30,59,61,33,34,2,6,37,38,39,40,4,42,5,13,7,9,47,48,49,50,10,11,53,54,55,56,57,58,12,60,27,62,63,63,63,63,63
33,60,33,62,59,63,41,52,34,42,51,25,61,53,54,27,26,50,45,21,22,23,47,49,1,28,29,30,31,32,2,3,35,36,37,38,39,40,4,5,43,44,6,46,7,48,9,10,11,12,13,14,55,56,57,58,15,17,18,19,20,20,20,20,20
34,34,17,42,26,35,33,43,36,37,50,51,27,28,59,18,1,19,20,21,22,23,25,49,52,53,29,30,31,32,2,3,4,5,6,38,39,40,41,7,9,44,45,46,47,48,10,11,12,13,14,54,55,56,57,58,15,60,61,62,63,63,63,63,63
35,35,20,61,5,27,34,36,43,60,28,53,21,26,50,52,45,51,13,44,1,23,25,49,2,3,29,30,31,32,33,4,11,6,37,38,7,40,9,42,10,22,12,46,47,48,54,14,15,17,18,19,55,56,57,58,59,39,41,62,63,63,63,63,63
36,36,12,35,44,37,28,45,29,26,27,23,34,14,15,17,18,19,20,21,22,46,47,49,51,53,55,30,31,32,33,1,2,3,4,38,39,40,41,42,43,5,6,7,9,48,10,50,11,52,25,54,13,56,57,58,59,60,61,62,63,63,63,63,63
37,37,45,10,36,44,53,29,46,52,38,61,18,28,23,34,35,19,39,21,22,1,25,26,27,54,55,30,31,32,33,2,3,4,5,6,7,40,41,42,43,9,20,11,47,48,49,50,51,12,13,14,15,56,57,58,59,60,17,62,63,63,63,63,63
38,38,37,30,55,29,45,63,9,10,11,12,13,14,15,17,18,19,20,21,22,23,25,26,27,28,56,57,31,32,33,34,35,36,1,2,39,40,41,42,43,44,3,46,47,48,49,50,51,52,53,54,4,5,6,58,59,60,61,62,7,7,7,7,7
39,57,26,39,11,49,34,27,50,18,45,47,53,25,58,59,35,19,20,21,43,23,48,1,51,28,29,30,31,32,33,2,3,36,37,38,4,40,41,42,5,44,6,46,7,9,10,22,12,52,13,54,55,56,14,15,17,60,61,62,63,63,63,63,63
40,53,30,41,29,45,42,38,61,40,50,34,52,60,23,44,33,46,15,22,54,51,25,26,27,28,55,57,59,32,63,2,35,36,37,3,39,4,5,6,7,9,10,11,47,48,49,12,13,14,31,17,18,56,19,58,20,21,43,62,1,1,1,1,1
41,53,30,41,29,45,42,38,61,40,50,34,52,60,23,44,33,46,15,22,54,51,25,26,27,28,55,57,59,32,63,2,35,36,37,3,39,4,5,6,7,9,10,11,47,48,49,12,13,14,31,17,18,56,19,58,20,21,43,62,1,1,1,1,1
42,42,43,50,55,35,34,41,7,58,11,12,13,14,31,17,18,19,20,21,22,23,25,26,27,28,29,30,59,32,33,1,2,36,37,38,39,40,3,4,5,44,45,46,47,48,49,6,51,52,53,54,15,56,57,9,10,60,61,62,63,63,63,63,63
43,29,43,50,37,51,42,35,28,44,45,21,23,34,49,22,36,52,27,53,38,46,25,26,2,54,55,30,31,32,33,3,4,5,6,7,39,40,9,10,11,12,13,14,47,48,15,17,18,19,20,41,1,56,57,58,59,60,61,62,63,63,63,63,63
44,44,36,52,43,32,45,51,35,31,46,3,41,14,15,17,18,19,20,21,22,23,25,26,1,28,29,30,59,61,33,34,2,6,37,38,39,40,4,42,5,13,7,9,47,48,49,50,10,11,53,54,55,56,57,58,12,60,27,62,63,63,63,63,63
45,37,45,10,36,44,53,29,46,52,38,61,18,28,23,34,35,19,39,21,22,1,25,26,27,54,55,30,31,32,33,2,3,4,5,6,7,40,41,42,43,9,20,11,47,48,49,50,51,12,13,14,15,56,57,58,59,60,17,62,63,63,63,63,63
46,46,48,14,45,47,38,22,44,21,6,53,37,29,15,17,18,19,20,41,43,23,25,26,51,28,55,30,31,32,33,34,35,36,1,2,39,40,3,42,4,5,13,7,9,10,49,50,11,52,12,54,27,56,57,58,59,60,61,62,63,63,63,63,63
47,51,47,50,43,52,3,59,44,46,45,34,38,49,15,17,18,19,20,21,22,23,25,26,1,28,29,30,31,32,33,2,35,36,37,6,39,40,41,42,4,5,13,7,9,48,10,11,12,27,53,54,55,56,57,58,14,60,61,62,63,63,63,63,63
48,46,48,14,45,47,38,22,44,21,6,53,37,29,15,17,18,19,20,41,43,23,25,26,51,28,55,30,31,32,33,34,35,36,1,2,39,40,3,42,4,5,13,7,9,10,49,50,11,52,12,54,27,56,57,58,59,60,61,62,63,63,63,63,63
49,49,41,50,42,15,18,19,20,21,22,23,26,27,28,29,30,34,35,36,37,38,1,10,43,44,45,46,47,48,11,12,51,52,53,54,56,57,58,59,60,61,62,62,62,62,62,62,62,62,62,62,62,62,62,62,62,62,62,62,62,62,62,62,62
50,50,19,51,42,4,49,12,41,27,43,52,58,21,34,6,20,59,60,1,22,23,47,26,2,53,29,30,31,32,33,3,9,36,5,38,13,40,7,18,10,44,45,46,11,48,25,28,14,15,17,54,55,56,57,35,37,39,61,62,63,63,63,63,63
51,51,47,50,43,52,3,59,44,46,45,34,38,49,15,17,18,19,20,21,22,23,25,26,1,28,29,30,31,32,33,2,35,36,37,6,39,40,41,42,4,5,13,7,9,48,10,11,12,27,53,54,55,56,57,58,14,60,61,62,63,63,63,63,63
52,52,44,53,51,60,45,7,9,10,11,12,13,14,15,17,18,19,20,21,22,23,25,26,27,28,29,30,31,32,33,34,35,36,37,38,39,40,41,42,43,1,2,46,47,48,49,50,3,4,5,54,55,56,57,58,59,6,61,62,63,63,63,63,63
53,53,30,41,29,45,42,38,61,40,50,34,52,60,23,44,33,46,15,22,54,51,25,26,27,28,55,57,59,32,63,2,35,36,37,3,39,4,5,6,7,9,10,11,47,48,49,12,13,14,31,17,18,56,19,58,20,21,43,62,1,1,1,1,1
54,54,53,4,5,6,7,9,10,11,12,13,14,15,17,18,19,20,21,22,23,25,26,27,28,29,30,31,32,33,34,35,36,37,38,39,40,41,42,43,44,45,46,47,48,49,50,51,52,1,2,55,56,57,58,59,60,61,62,63,63,63,63,63,63
55,42,43,50,55,35,34,41,7,58,11,12,13,14,31,17,18,19,20,21,22,23,25,26,27,28,29,30,59,32,33,1,2,36,37,38,39,40,3,4,5,44,45,46,47,48,49,6,51,52,53,54,15,56,57,9,10,60,61,62,63,63,63,63,63
56,56,48,46,4,5,6,7,9,10,11,12,13,14,15,17,18,19,20,21,22,23,25,26,27,28,29,30,31,32,33,34,35,36,37,38,39,40,41,42,43,44,45,1,47,2,49,50,51,52,53,54,55,3,57,58,59,60,61,62,63,63,63,63,63
57,57,26,39,11,49,34,27,50,18,45,47,53,25,58,59,35,19,20,21,43,23,48,1,51,28,29,30,31,32,33,2,3,36,37,38,4,40,41,42,5,44,6,46,7,9,10,22,12,52,13,54,55,56,14,15,17,60,61,62,63,63,63,63,63
58,21,58,29,50,30,51,28,22,57,49,59,13,14,15,17,18,19,20,41,43,23,25,26,27,53,55,1,31,32,33,34,35,36,37,38,39,40,2,42,3,44,45,46,47,48,4,5,6,52,7,54,9,56,10,11,12,60,61,62,63,63,63,63,63
59,59,31,51,60,52,58,39,57,45,50,30,13,14,15,17,18,19,20,21,22,23,25,26,27,28,29,1,2,32,33,34,35,36,37,38,3,40,41,42,43,44,4,46,47,48,49,5,6,7,53,54,55,56,9,10,11,12,61,62,63,63,63,63,63
60,60,33,62,59,63,41,52,34,42,51,25,61,53,54,27,26,50,45,21,22,23,47,49,1,28,29,30,31,32,2,3,35,36,37,38,39,40,4,5,43,44,6,46,7,48,9,10,11,12,13,14,55,56,57,58,15,17,18,19,20,20,20,20,20
61,35,20,61,5,27,34,36,43,60,28,53,21,26,50,52,45,51,13,44,1,23,25,49,2,3,29,30,31,32,33,4,11,6,37,38,7,40,9,42,10,22,12,46,47,48,54,14,15,17,18,19,55,56,57,58,59,39,41,62,63,63,63,63,63
62,60,33,62,59,63,41,52,34,42,51,25,61,53,54,27,26,50,45,21,22,23,47,49,1,28,29,30,31,32,2,3,35,36,37,38,39,40,4,5,43,44,6,46,7,48,9,10,11,12,13,14,55,56,57,58,15,17,18,19,20,20,20,20,20
63,60,33,62,59,63,41,52,34,42,51,25,61,53,54,27,26,50,45,21,22,23,47,49,1,28,29,30,31,32,2,3,35,36,37,38,39,40,4,5,43,44,6,46,7,48,9,10,11,12,13,14,55,56,57,58,15,17,18,19,20,20,20,20,20
