1,0,0,0,0,0,0,0,0,0,0,0,0,0,0,0,0,0,0,0,0,0,0,0,0,0,0,0,0,0,0,0,0,0,0,0,0,0,0,0,0,0,0,0,0,0,0,0,0,0,0,0,0,0,0,0,0,0,0,0,0,0,0,0,0
2,0,0,0,0,0,0,0,0,0,0,0,0,0,0,0,0,0,0,0,0,0,0,0,0,0,0,0,0,0,0,0,0,0,0,0,0,0,0,0,0,0,0,0,0,0,0,0,0,0,0,0,0,0,0,0,0,0,0,0,0,0,0,0,0
3,52,48,51,44,3,60,53,47,45,4,56,59,36,16,17,35,19,20,21,22,23,24,25,5,27,28,29,30,31,33,34,6,8,37,38,39,41,42,43,10,7,46,14,9,49,50,18,11,12,54,55,13,57,58,26,15,61,62,63,63,63,63,63,63
4,19,4,18,27,12,8,9,35,11,22,13,14,15,16,17,36,37,20,21,44,23,24,25,26,54,28,29,30,31,33,34,3,6,5,38,39,41,42,43,10,45,46,47,48,49,50,51,52,53,7,55,56,57,58,59,60,61,62,63,63,63,63,63,63
5,36,62,28,5,15,23,23,23,23,23,23,23,23,23,23,23,23,23,23,23,23,23,23,23,23,23,23,23,23,23,23,23,23,23,23,23,23,23,23,23,23,23,23,23,23,23,23,23,23,23,23,23,23,23,23,23,23,23,23,23,23,23,23,23
6,6,14,5,10,7,8,9,18,11,12,13,26,15,16,17,35,19,20,21,22,23,24,25,52,27,28,29,30,31,33,34,3,36,37,38,39,41,42,43,44,45,46,47,48,49,50,51,4,53,54,55,56,57,58,59,60,61,62,63,63,63,63,63,63
7,7,9,8,17,12,14,16,10,11,22,13,26,15,30,33,18,19,20,21,44,23,24,25,52,27,28,29,60,31,3,34,35,36,37,38,39,41,42,43,4,45,46,47,48,49,50,51,5,53,54,55,56,57,58,59,6,61,62,63,63,63,63,63,63
8,43,56,35,8,42,51,7,44,50,36,34,26,27,18,17,3,19,20,21,45,23,24,25,53,54,28,29,30,31,33,4,5,6,37,38,39,41,12,14,9,10,46,47,48,49,11,22,13,52,15,55,16,57,58,59,60,61,62,63,63,63,63,63,63
9,7,9,8,17,12,14,16,10,11,22,13,26,15,30,33,18,19,20,21,44,23,24,25,52,27,28,29,60,31,3,34,35,36,37,38,39,41,42,43,4,45,46,47,48,49,50,51,5,53,54,55,56,57,58,59,6,61,62,63,63,63,63,63,63
10,46,22,38,10,45,18,23,37,21,15,29,30,39,47,14,35,3,20,42,44,4,24,25,52,27,56,58,60,31,33,34,5,36,6,7,8,41,9,43,19,11,12,13,48,49,50,51,26,53,54,55,28,57,16,59,17,61,62,63,63,63,63,63,63
11,26,58,11,27,57,50,35,25,12,59,44,34,10,18,19,51,42,17,21,45,23,24,4,52,54,28,29,30,31,5,6,7,8,9,38,36,41,20,43,22,13,46,47,48,49,14,15,16,53,33,55,56,3,37,39,60,61,62,63,63,63,63,63,63
12,37,12,36,29,38,45,20,30,28,44,22,53,24,26,27,46,48,50,31,54,34,58,60,5,7,39,41,42,43,10,11,21,47,14,49,15,51,52,17,18,55,56,57,33,59,35,61,62,62,62,62,62,62,62,62,62,62,62,62,62,62,62,62,62
13,60,18,52,26,59,58,17,27,10,50,53,24,41,43,45,47,30,51,33,34,35,36,37,38,39,5,42,12,44,11,46,20,48,49,14,15,28,29,54,55,56,57,31,21,22,62,62,62,62,62,62,62,62,62,62,62,62,62,62,62,62,62,62,62
14,49,47,14,50,22,42,41,57,46,6,38,39,30,16,17,35,19,20,21,44,23,24,25,52,27,28,29,60,31,33,34,3,36,37,4,5,10,7,43,8,45,9,18,48,11,12,51,13,53,54,55,56,26,58,59,15,61,62,63,63,63,63,63,63
15,15,25,23,22,17,7,34,6,26,14,27,33,28,60,3,35,19,20,21,45,46,24,50,53,54,56,58,30,31,4,5,10,36,37,38,39,41,42,43,12,8,9,47,48,49,18,51,11,44,13,55,52,57,29,59,16,61,62,63,63,63,63,63,63
16,24,16,5,6,7,8,9,10,11,12,13,14,15,30,17,18,19,20,21,22,23,48,25,26,27,28,29,60,31,33,34,35,36,37,38,39,41,42,43,44,45,46,47,3,49,50,51,52,53,54,55,56,57,58,59,4,61,62,63,63,63,63,63,63
17,17,25,5,6,7,8,9,10,11,12,13,14,15,16,33,18,19,20,21,22,23,24,50,26,27,28,29,30,31,3,34,35,36,37,38,39,41,42,43,44,45,46,47,48,49,4,51,52,53,54,55,56,57,58,59,60,61,62,63,63,63,63,63,63
18,60,18,52,26,59,58,17,13,27,61,50,10,19,53,33,36,37,20,21,22,23,48,25,3,54,28,29,30,31,4,34,5,6,7,38,39,41,42,43,44,45,46,47,8,49,9,51,35,11,12,55,56,57,24,14,15,16,62,63,63,63,63,63,63
19,19,4,18,27,12,8,9,35,11,22,13,14,15,16,17,36,37,20,21,44,23,24,25,26,54,28,29,30,31,33,34,3,6,5,38,39,41,42,43,10,45,46,47,48,49,50,51,52,53,7,55,56,57,58,59,60,61,62,63,63,63,63,63,63
20,36,20,62,44,35,37,45,29,28,52,12,5,15,38,59,30,53,39,21,3,23,24,25,4,27,57,58,60,31,33,34,8,6,7,14,9,41,42,43,10,11,46,47,48,49,50,51,22,13,54,55,26,56,16,17,18,61,19,63,63,63,63,63,63
21,59,21,51,60,29,52,58,10,11,12,13,14,15,16,17,18,19,20,42,22,23,24,25,26,27,28,3,30,31,33,34,35,36,37,38,39,41,4,43,44,45,46,47,48,49,50,5,6,53,54,55,56,57,7,8,9,61,62,63,63,63,63,63,63
22,46,22,38,10,45,18,23,37,15,29,30,21,47,14,39,19,20,41,43,3,24,49,26,53,28,57,59,61,33,4,35,36,5,7,8,9,42,17,44,11,12,13,48,25,50,51,52,27,54,55,56,16,58,31,60,34,62,62,62,62,62,62,62,62
23,15,25,23,22,17,7,34,6,26,14,27,33,28,60,3,35,19,20,21,45,46,24,50,53,54,56,58,30,31,4,5,10,36,37,38,39,41,42,43,12,8,9,47,48,49,18,51,11,44,13,55,52,57,29,59,16,61,62,63,63,63,63,63,63
24,10,23,24,6,7,8,9,18,11,12,13,14,15,16,17,35,19,20,21,22,46,48,25,26,27,28,29,30,31,33,34,3,36,37,38,39,41,42,43,44,45,4,47,5,49,50,51,52,53,54,55,56,57,58,59,60,61,62,63,63,63,63,63,63
25,15,25,23,22,17,7,34,6,26,14,27,33,28,60,3,35,19,20,21,45,46,24,50,53,54,56,58,30,31,4,5,10,36,37,38,39,41,42,43,12,8,9,47,48,49,18,51,11,44,13,55,52,57,29,59,16,61,62,63,63,63,63,63,63
26,26,58,11,27,57,50,35,25,12,59,44,34,10,18,19,51,42,17,21,45,23,24,4,52,54,28,29,30,31,5,6,7,8,9,38,36,41,20,43,22,13,46,47,48,49,14,15,16,53,33,55,56,3,37,39,60,61,62,63,63,63,63,63,63
27,27,28,35,36,26,19,20,29,21,51,13,14,15,16,17,18,37,39,42,22,23,24,25,52,54,56,58,30,31,33,34,3,4,5,38,6,41,7,43,44,45,46,47,48,49,50,8,9,53,10,55,11,57,12,59,60,61,62,63,63,63,63,63,63
28,27,28,35,36,26,19,20,29,21,51,13,14,15,16,17,18,37,39,42,22,23,24,25,52,54,56,58,30,31,33,34,3,4,5,38,6,41,7,43,44,45,46,47,48,49,50,8,9,53,10,55,11,57,12,59,60,61,62,63,63,63,63,63,63
29,44,29,36,45,52,37,28,43,51,30,27,21,53,22,23,15,35,38,42,3,46,24,25,26,54,57,58,60,31,33,34,4,5,6,7,39,41,8,9,10,11,12,47,48,49,50,13,14,56,16,55,17,18,19,59,20,61,62,63,63,63,63,63,63
30,42,30,54,41,43,29,50,34,22,53,33,51,15,37,23,35,19,20,21,44,46,24,25,26,27,56,58,60,31,3,4,5,36,6,38,39,7,8,9,10,45,11,47,48,49,12,13,52,14,28,55,16,57,17,59,18,61,62,63,63,63,63,63,63
31,31,30,23,6,7,8,9,10,11,12,13,14,15,16,17,18,19,20,21,22,46,24,25,26,27,28,29,60,62,33,34,35,36,37,38,39,41,42,43,44,45,3,47,48,49,50,51,52,53,54,55,56,57,58,59,4,61,5,63,63,63,63,63,63
33,45,35,41,33,42,44,53,34,36,46,43,49,37,27,52,25,60,51,26,18,50,28,38,5,54,56,29,30,31,6,7,8,9,10,11,39,12,13,14,15,16,17,47,48,3,19,20,21,22,23,55,24,57,58,59,4,61,62,63,63,63,63,63,63
34,34,61,63,35,42,33,60,26,62,43,51,36,53,59,17,18,19,20,21,22,23,24,25,52,27,28,29,30,31,3,4,5,6,37,38,39,41,7,8,44,45,46,47,48,49,50,9,10,11,54,55,56,57,58,12,13,14,15,16,16,16,16,16,16
35,45,35,41,33,42,44,53,34,36,46,43,49,37,27,52,25,60,51,26,18,50,28,38,5,54,56,29,30,31,6,7,8,9,10,11,39,12,13,14,15,16,17,47,48,3,19,20,21,22,23,55,24,57,58,59,4,61,62,63,63,63,63,63,63
36,36,20,62,44,35,37,45,29,28,52,12,5,15,38,59,30,53,39,21,3,23,24,25,4,27,57,58,60,31,33,34,8,6,7,14,9,41,42,43,10,11,46,47,48,49,50,51,22,13,54,55,26,56,16,17,18,61,19,63,63,63,63,63,63
37,37,12,36,29,45,38,20,30,53,28,44,22,15,16,17,18,19,39,21,3,46,24,25,26,27,56,58,60,31,33,34,35,4,5,6,7,41,42,43,8,9,10,47,48,49,50,51,52,11,54,55,23,57,13,59,14,61,62,63,63,63,63,63,63
38,46,22,38,10,45,18,23,37,21,15,29,30,39,47,14,35,3,20,42,44,4,24,25,52,27,56,58,60,31,33,34,5,36,6,7,8,41,9,43,19,11,12,13,48,49,50,51,26,53,54,55,28,57,16,59,17,61,62,63,63,63,63,63,63
39,39,38,5,6,7,8,9,10,11,12,13,14,15,16,17,18,19,20,21,22,23,24,25,26,27,28,29,30,31,33,34,35,36,37,3,4,41,42,43,44,45,46,47,48,49,50,51,52,53,54,55,56,57,58,59,60,61,62,63,63,63,63,63,63
40,0,0,0,0,0,0,0,0,0,0,0,0,0,0,0,0,0,0,0,0,0,0,0,0,0,0,0,0,0,0,0,0,0,0,0,0,0,0,0,0,0,0,0,0,0,0,0,0,0,0,0,0,0,0,0,0,0,0,0,0,0,0,0,0
41,45,35,41,33,42,44,53,34,36,46,43,49,37,27,52,25,60,51,26,18,50,28,38,5,54,56,29,30,31,6,7,8,9,10,11,39,12,13,14,15,16,17,47,48,3,19,20,21,22,23,55,24,57,58,59,4,61,62,63,63,63,63,63,63
42,42,30,54,41,43,29,50,34,22,53,33,51,15,37,23,35,19,20,21,44,46,24,25,26,27,56,58,60,31,3,4,5,36,6,38,39,7,8,9,10,45,11,47,48,49,12,13,52,14,28,55,16,57,17,59,18,61,62,63,63,63,63,63,63
43,43,56,35,8,42,51,7,44,50,36,34,26,27,18,17,3,19,20,21,45,23,24,25,53,54,28,29,30,31,33,4,5,6,37,38,39,41,12,14,9,10,46,47,48,49,11,22,13,52,15,55,16,57,58,59,60,61,62,63,63,63,63,63,63
44,44,29,36,45,52,37,28,43,51,30,27,21,53,22,23,15,35,38,42,3,46,24,25,26,54,57,58,60,31,33,34,4,5,6,7,39,41,8,9,10,11,12,47,48,49,50,13,14,56,16,55,17,18,19,59,20,61,62,63,63,63,63,63,63
45,45,35,41,33,42,44,53,34,36,46,43,49,37,27,52,25,60,51,26,18,50,28,38,5,54,56,29,30,31,6,7,8,9,10,11,39,12,13,14,15,16,17,47,48,3,19,20,21,22,23,55,24,57,58,59,4,61,62,63,63,63,63,63,63
46,46,22,38,10,45,18,23,37,21,15,29,30,39,47,14,35,3,20,42,44,4,24,25,52,27,56,58,60,31,33,34,5,36,6,7,8,41,9,43,19,11,12,13,48,49,50,51,26,53,54,55,28,57,16,59,17,61,62,63,63,63,63,63,63
47,49,47,14,50,22,42,41,57,46,6,38,39,30,16,17,35,19,20,21,44,23,24,25,52,27,28,29,60,31,33,34,3,36,37,4,5,10,7,43,8,45,9,18,48,11,12,51,13,53,54,55,56,26,58,59,15,61,62,63,63,63,63,63,63
48,52,48,51,44,3,60,53,47,45,4,56,59,36,16,17,35,19,20,21,22,23,24,25,5,27,28,29,30,31,33,34,6,8,37,38,39,41,42,43,10,7,46,14,9,49,50,18,11,12,54,55,13,57,58,26,15,61,62,63,63,63,63,63,63
49,49,47,14,50,22,42,41,57,46,6,38,39,30,16,17,35,19,20,21,44,23,24,25,52,27,28,29,60,31,33,34,3,36,37,4,5,10,7,43,8,45,9,18,48,11,12,51,13,53,54,55,56,26,58,59,15,61,62,63,63,63,63,63,63
50,50,51,42,59,43,52,45,49,58,57,44,34,35,60,17,18,19,20,21,22,23,24,25,26,27,28,29,30,31,33,3,4,36,37,38,39,41,5,6,7,8,46,47,48,9,10,11,12,53,54,55,56,13,14,15,16,61,62,63,63,63,63,63,63
51,50,51,42,59,43,52,45,49,58,57,44,34,35,60,17,18,19,20,21,22,23,24,25,26,27,28,29,30,31,33,3,4,36,37,38,39,41,5,6,7,8,46,47,48,9,10,11,12,53,54,55,56,13,14,15,16,61,62,63,63,63,63,63,63
52,52,48,51,44,3,60,53,47,45,4,56,59,36,16,17,35,19,20,21,22,23,24,25,5,27,28,29,30,31,33,34,6,8,37,38,39,41,42,43,10,7,46,14,9,49,50,18,11,12,54,55,13,57,58,26,15,61,62,63,63,63,63,63,63
53,53,45,52,61,60,54,62,10,11,12,13,14,15,16,17,18,19,20,21,22,23,24,25,26,27,28,29,30,31,33,34,35,36,37,38,39,41,42,43,44,3,46,47,48,49,50,51,4,5,6,55,56,57,58,59,7,8,9,9,9,9,9,9,9
54,42,30,54,41,43,29,50,34,22,53,33,51,15,37,23,35,19,20,21,44,46,24,25,26,27,56,58,60,31,3,4,5,36,6,38,39,7,8,9,10,45,11,47,48,49,12,13,52,14,28,55,16,57,17,59,18,61,62,63,63,63,63,63,63
55,55,47,5,6,7,8,9,10,11,12,13,14,15,16,17,18,19,20,21,22,23,24,25,26,27,28,29,30,31,33,34,35,36,37,38,39,41,42,43,44,45,46,3,48,49,50,51,52,53,54,4,56,57,58,59,60,61,62,63,63,63,63,63,63
56,43,56,35,8,42,51,7,44,50,36,34,26,27,18,17,3,19,20,21,45,23,24,25,53,54,28,29,30,31,33,4,5,6,37,38,39,41,12,14,9,10,46,47,48,49,11,22,13,52,15,55,16,57,58,59,60,61,62,63,63,63,63,63,63
57,57,49,51,6,7,8,9,10,11,12,13,14,15,16,17,18,19,20,21,22,23,24,25,26,27,28,29,30,31,33,34,35,36,37,38,39,41,42,43,44,45,46,47,48,3,50,4,52,53,54,55,56,5,58,59,60,61,62,63,63,63,63,63,63
58,26,58,11,27,57,50,35,25,12,59,44,34,10,18,19,51,42,17,21,45,23,24,4,52,54,28,29,30,31,5,6,7,8,9,38,36,41,20,43,22,13,46,47,48,49,14,15,16,53,33,55,56,3,37,39,60,61,62,63,63,63,63,63,63
59,59,21,51,60,29,52,58,10,11,12,13,14,15,16,17,18,19,20,42,22,23,24,25,26,27,28,3,30,31,33,34,35,36,37,38,39,41,4,43,44,45,46,47,48,49,50,5,6,53,54,55,56,57,7,8,9,61,62,63,63,63,63,63,63
60,60,18,52,26,59,58,17,13,27,61,50,10,19,53,33,36,37,20,21,22,23,48,25,3,54,28,29,30,31,4,34,5,6,7,38,39,41,42,43,44,45,46,47,8,49,9,51,35,11,12,55,56,57,24,14,15,16,62,63,63,63,63,63,63
61,34,35,42,60,26,43,53,59,51,52,39,41,12,15,44,20,46,22,37,28,29,55,58,45,49,49,49,49,49,49,49,49,49,49,49,49,49,49,49,49,49,49,49,49,49,49,49,49,49,49,49,49,49,49,49,49,49,49,49,49,49,49,49,49
62,36,20,62,44,35,37,45,29,28,52,12,5,15,38,59,30,53,39,21,3,23,24,25,4,27,57,58,60,31,33,34,8,6,7,14,9,41,42,43,10,11,46,47,48,49,50,51,22,13,54,55,26,56,16,17,18,61,19,63,63,63,63,63,63
63,34,61,63,35,42,33,60,26,62,43,51,36,53,59,17,18,19,20,21,22,23,24,25,52,27,28,29,30,31,3,4,5,6,37,38,39,41,7,8,44,45,46,47,48,49,50,9,10,11,54,55,56,57,58,12,13,14,15,16,16,16,16,16,16
64,0,0,0,0,0,0,0,0,0,0,0,0,0,0,0,0,0,0,0,0,0,0,0,0,0,0,0,0,0,0,0,0,0,0,0,0,0,0,0,0,0,0,0,0,0,0,0,0,0,0,0,0,0,0,0,0,0,0,0,0,0,0,0,0
