1,1,10,24,9,6,7,8,18,20,11,12,13,14,15,17,34,19,38,21,22,23,47,25,26,27,28,29,30,31,32,33,2,35,36,37,4,39,41,42,43,44,45,46,3,48,49,50,51,52,53,54,55,56,57,58,59,60,61,62,63,64,64,64,64
2,2,10,3,8,5,6,7,17,9,21,11,12,13,14,15,33,18,19,20,42,22,23,24,25,26,27,28,29,30,31,32,1,34,35,36,37,38,39,41,4,43,44,45,46,47,48,49,50,51,52,53,54,55,56,57,58,59,60,61,62,63,64,64,64
3,51,47,50,43,59,52,3,46,60,4,34,48,35,42,2,58,44,45,21,5,23,24,25,7,27,28,29,30,31,32,33,9,11,36,37,38,39,41,13,8,18,10,22,12,26,49,14,15,17,53,54,55,56,57,1,19,20,61,62,63,64,64,64,64
4,50,19,51,42,4,58,49,18,57,20,41,26,3,12,37,15,35,38,39,21,22,23,24,1,52,54,28,29,30,62,32,2,34,6,36,8,5,13,7,17,43,44,45,46,47,48,9,10,11,25,53,27,55,56,14,31,59,60,61,33,63,64,64,64
5,0,0,0,0,0,0,0,0,0,0,0,0,0,0,0,0,0,0,0,0,0,0,0,0,0,0,0,0,0,0,0,0,0,0,0,0,0,0,0,0,0,0,0,0,0,0,0,0,0,0,0,0,0,0,0,0,0,0,0,0,0,0,0,0
6,6,5,7,4,10,12,14,8,9,21,11,25,13,29,15,17,18,19,20,42,22,23,24,50,26,27,28,58,30,31,32,33,34,35,36,37,38,39,41,1,43,44,45,46,47,48,49,2,51,52,53,54,55,56,57,3,59,60,61,62,63,64,64,64
7,7,9,18,15,17,10,14,8,19,21,11,12,13,29,31,33,35,37,20,42,22,23,24,25,26,27,28,58,30,62,32,1,34,2,36,3,38,39,41,4,43,44,45,46,47,48,49,50,51,52,53,54,55,56,57,5,59,60,61,6,63,64,64,64
8,42,34,50,43,35,55,41,8,33,51,52,53,36,56,7,63,18,19,20,21,22,23,24,25,26,27,28,58,30,31,32,2,3,4,5,37,38,39,6,14,17,44,45,46,47,48,49,9,10,11,12,54,13,29,57,15,59,60,61,62,1,64,64,64
9,7,9,18,15,17,10,14,8,19,21,11,12,13,29,31,33,35,37,20,42,22,23,24,25,26,27,28,58,30,62,32,1,34,2,36,3,38,39,41,4,43,44,45,46,47,48,49,50,51,52,53,54,55,56,57,5,59,60,61,6,63,64,64,64
10,45,37,22,10,29,44,36,53,38,30,52,46,21,23,28,18,26,14,27,15,7,47,24,25,2,54,56,59,60,62,64,33,34,3,4,5,6,39,41,31,8,9,42,11,12,48,49,50,51,13,58,32,55,17,57,35,19,20,61,43,63,1,1,1
11,26,57,39,34,27,11,49,25,33,58,38,18,50,35,42,43,59,10,22,23,24,48,51,52,28,29,30,31,32,1,3,4,5,37,7,8,9,19,21,44,45,46,47,12,13,14,15,17,53,54,55,56,64,36,20,60,61,62,63,41,41,41,41,41
12,36,12,35,44,37,28,29,45,20,42,43,4,15,14,31,33,18,19,39,21,22,23,24,50,26,27,56,58,30,62,32,1,34,2,3,8,38,5,41,6,7,17,9,46,47,48,49,10,51,52,53,54,55,11,57,25,59,60,61,13,63,64,64,64
13,18,26,17,13,27,21,12,1,19,9,11,25,28,14,15,34,35,37,39,42,22,23,24,50,52,54,56,29,30,31,32,2,4,3,36,8,38,5,41,6,43,44,45,46,47,48,49,7,51,33,53,20,55,10,57,58,59,60,61,62,63,64,64,64
14,46,48,14,45,22,38,47,5,52,56,51,12,13,29,15,17,18,19,20,42,44,23,24,25,26,27,28,58,30,31,32,33,34,35,36,37,1,39,41,2,43,3,4,10,6,7,49,50,8,9,53,54,55,21,57,11,59,60,61,62,63,64,64,64
15,15,23,25,14,22,17,33,29,26,27,34,30,36,37,31,1,18,19,20,21,44,46,24,50,52,54,28,59,60,62,32,2,3,35,4,5,38,39,41,42,43,6,45,7,47,48,49,8,51,9,53,10,55,56,57,11,12,13,61,58,63,64,64,64
16,0,0,0,0,0,0,0,0,0,0,0,0,0,0,0,0,0,0,0,0,0,0,0,0,0,0,0,0,0,0,0,0,0,0,0,0,0,0,0,0,0,0,0,0,0,0,0,0,0,0,0,0,0,0,0,0,0,0,0,0,0,0,0,0
17,34,17,26,42,35,33,18,25,41,27,36,12,13,14,15,1,2,19,20,21,22,23,24,50,52,54,28,29,30,31,32,3,4,5,6,37,38,39,7,8,43,44,45,46,47,48,49,9,51,10,53,11,55,56,57,58,59,60,61,62,63,64,64,64
18,18,26,17,13,27,21,12,1,19,9,11,25,28,14,15,34,35,37,39,42,22,23,24,50,52,54,56,29,30,31,32,2,4,3,36,8,38,5,41,6,43,44,45,46,47,48,49,7,51,33,53,20,55,10,57,58,59,60,61,62,63,64,64,64
19,50,19,51,42,4,58,49,18,57,20,41,26,3,12,37,15,35,38,39,21,22,23,24,1,52,54,28,29,30,62,32,2,34,6,36,8,5,13,7,17,43,44,45,46,47,48,9,10,11,25,53,27,55,56,14,31,59,60,61,33,63,64,64,64
20,35,61,20,27,36,43,34,53,60,26,5,42,28,52,44,37,29,19,51,15,22,23,24,25,2,54,56,58,30,62,32,33,3,4,10,6,7,8,41,9,21,11,45,46,47,48,49,50,12,13,14,31,55,17,57,18,59,38,39,1,63,64,64,64
21,58,21,59,49,22,36,50,28,57,29,42,12,13,14,15,17,18,19,20,43,44,23,24,25,26,27,56,1,30,31,32,33,34,35,2,37,38,39,41,3,4,5,45,46,47,48,6,7,51,52,53,54,55,8,9,10,11,60,61,62,63,64,64,64
22,45,37,22,10,29,44,36,53,38,30,52,46,21,23,28,18,26,14,27,15,7,47,24,25,2,54,56,59,60,62,64,33,34,3,4,5,6,39,41,31,8,9,42,11,12,48,49,50,51,13,58,32,55,17,57,35,19,20,61,43,63,1,1,1
23,15,23,25,14,22,17,33,29,26,27,34,30,36,37,31,1,18,19,20,21,44,46,24,50,52,54,28,59,60,62,32,2,3,35,4,5,38,39,41,42,43,6,45,7,47,48,49,8,51,9,53,10,55,56,57,11,12,13,61,58,63,64,64,64
24,1,10,24,8,5,6,7,17,9,21,11,12,13,14,15,33,18,19,20,42,22,23,48,25,26,27,28,29,30,31,32,2,34,35,36,37,38,39,41,4,43,44,45,46,47,3,49,50,51,52,53,54,55,56,57,58,59,60,61,62,63,64,64,64
25,15,23,25,14,22,17,33,29,26,27,34,30,36,37,31,1,18,19,20,21,44,46,24,50,52,54,28,59,60,62,32,2,3,35,4,5,38,39,41,42,43,6,45,7,47,48,49,8,51,9,53,10,55,56,57,11,12,13,61,58,63,64,64,64
26,26,57,39,34,27,11,49,25,33,58,18,38,50,10,42,43,35,59,20,1,22,46,24,51,52,54,28,29,30,31,32,2,3,4,5,37,6,7,41,8,9,44,45,21,47,48,23,12,13,14,53,15,55,56,17,36,19,60,61,62,63,64,64,64
27,27,28,35,26,36,29,37,43,45,18,19,34,21,15,17,1,2,20,41,22,23,24,25,51,53,55,57,30,31,32,33,3,4,6,7,38,39,8,42,9,44,10,46,47,48,49,50,11,52,12,54,13,56,14,58,59,60,61,62,63,64,64,64,64
28,27,28,35,26,36,29,37,43,45,34,18,19,21,14,15,17,1,38,20,42,22,23,24,25,52,54,56,58,30,31,32,33,2,3,4,5,6,39,41,7,8,44,9,46,47,48,49,50,51,10,53,11,55,12,57,13,59,60,61,62,63,64,64,64
29,43,29,37,35,42,51,44,50,28,30,36,22,52,26,34,57,7,58,38,15,45,23,24,25,53,27,56,1,60,62,32,33,2,3,4,5,6,39,41,14,8,9,10,46,47,48,49,11,12,13,59,54,55,31,17,18,19,20,61,21,63,64,64,64
30,30,30,30,30,30,30,30,30,30,30,30,30,30,30,30,30,30,30,30,30,30,30,30,30,30,30,30,30,30,30,30,30,30,30,30,30,30,30,30,30,30,30,30,30,30,30,30,30,30,30,30,30,30,30,30,30,30,30,30,30,30,30,30,30
31,31,37,37,37,37,37,37,37,37,37,37,37,37,37,37,37,37,37,37,37,37,37,37,37,37,37,37,37,37,37,37,37,37,37,37,37,37,37,37,37,37,37,37,37,37,37,37,37,37,37,37,37,37,37,37,37,37,37,37,37,37,37,37,37
32,44,36,45,43,52,37,35,28,31,32,13,14,15,17,18,19,20,21,22,23,24,25,26,27,54,29,30,60,62,33,34,1,3,4,38,39,41,42,5,7,8,46,47,48,49,50,51,9,53,10,55,56,57,58,59,11,61,12,63,64,64,64,64,64
33,60,33,62,34,52,41,61,42,51,63,26,53,54,59,58,35,18,19,20,21,22,23,24,25,1,27,28,29,30,31,32,2,3,4,36,37,38,39,5,6,43,44,45,46,47,48,49,50,7,8,9,10,55,56,57,11,12,13,14,15,17,64,64,64
34,34,17,26,42,35,33,18,25,41,27,36,12,13,14,15,1,2,19,20,21,22,23,24,50,52,54,28,29,30,31,32,3,4,5,6,37,38,39,7,8,43,44,45,46,47,48,49,9,51,10,53,11,55,56,57,58,59,60,61,62,63,64,64,64
35,35,61,20,27,36,43,34,53,60,26,5,42,28,52,44,37,29,19,51,15,22,23,24,25,2,54,56,58,30,62,32,33,3,4,10,6,7,8,41,9,21,11,45,46,47,48,49,50,12,13,14,31,55,17,57,18,59,38,39,1,63,64,64,64
36,36,12,35,44,37,28,29,45,20,42,43,4,15,14,31,33,18,19,39,21,22,23,24,50,26,27,56,58,30,62,32,1,34,2,3,8,38,5,41,6,7,17,9,46,47,48,49,10,51,52,53,54,55,11,57,25,59,60,61,13,63,64,64,64
37,45,37,22,10,29,44,36,53,38,30,52,46,21,23,28,18,26,14,27,15,7,47,24,25,2,54,56,59,60,62,64,33,34,3,4,5,6,39,41,31,8,9,42,11,12,48,49,50,51,13,58,32,55,17,57,35,19,20,61,43,63,1,1,1
38,38,37,30,46,29,39,7,8,9,10,11,12,13,14,15,17,18,19,20,21,22,23,24,25,26,27,28,58,60,31,32,33,34,35,36,1,2,3,41,42,43,44,45,4,47,48,49,50,51,52,53,54,55,56,57,5,59,6,61,62,63,64,64,64
39,26,57,39,34,27,11,49,25,33,58,18,38,50,10,42,43,35,59,20,1,22,46,24,51,52,54,28,29,30,31,32,2,3,4,5,37,6,7,41,8,9,44,45,21,47,48,23,12,13,14,53,15,55,56,17,36,19,60,61,62,63,64,64,64
40,0,0,0,0,0,0,0,0,0,0,0,0,0,0,0,0,0,0,0,0,0,0,0,0,0,0,0,0,0,0,0,0,0,0,0,0,0,0,0,0,0,0,0,0,0,0,0,0,0,0,0,0,0,0,0,0,0,0,0,0,0,0,0,0
41,53,30,41,45,29,42,33,64,61,37,22,49,54,23,34,52,38,39,50,57,44,46,24,25,26,27,28,58,60,31,32,1,2,35,36,3,4,5,6,7,43,8,9,10,47,48,11,12,51,13,14,15,55,56,17,18,59,19,20,62,63,21,21,21
42,42,34,50,43,35,55,41,8,33,51,52,53,36,56,7,63,18,19,20,21,22,23,24,25,26,27,28,58,30,31,32,2,3,4,5,37,38,39,6,14,17,44,45,46,47,48,49,9,10,11,12,54,13,29,57,15,59,60,61,62,1,64,64,64
43,43,29,37,35,42,51,44,50,28,30,36,22,52,26,34,57,7,58,38,15,45,23,24,25,53,27,56,1,60,62,32,33,2,3,4,5,6,39,41,14,8,9,10,46,47,48,49,11,12,13,59,54,55,31,17,18,19,20,61,21,63,64,64,64
44,44,36,45,43,52,37,35,28,31,32,11,12,13,14,15,17,18,19,20,21,22,23,24,25,26,27,56,29,30,62,64,33,34,1,2,3,38,39,41,42,4,5,6,46,47,48,49,50,51,7,53,54,55,8,57,58,59,60,61,9,63,10,10,10
45,45,37,22,10,29,44,36,53,38,30,52,46,21,23,28,18,26,14,27,15,7,47,24,25,2,54,56,59,60,62,64,33,34,3,4,5,6,39,41,31,8,9,42,11,12,48,49,50,51,13,58,32,55,17,57,35,19,20,61,43,63,1,1,1
46,46,48,14,45,22,38,47,5,52,56,51,12,13,29,15,17,18,19,20,42,44,23,24,25,26,27,28,58,30,31,32,33,34,35,36,37,1,39,41,2,43,3,4,10,6,7,49,50,8,9,53,54,55,21,57,11,59,60,61,62,63,64,64,64
47,51,47,50,43,59,52,3,46,60,4,34,48,35,42,2,58,44,45,20,1,22,23,24,5,26,27,28,29,30,31,32,6,8,10,36,37,38,39,41,12,7,17,9,21,11,25,49,13,14,15,53,54,55,56,57,33,18,19,61,62,63,64,64,64
48,46,48,14,45,22,38,47,5,52,56,51,12,13,29,15,17,18,19,20,42,44,23,24,25,26,27,28,58,30,31,32,33,34,35,36,37,1,39,41,2,43,3,4,10,6,7,49,50,8,9,53,54,55,21,57,11,59,60,61,62,63,64,64,64
49,49,41,50,42,57,33,7,8,9,10,11,12,13,14,15,17,18,19,20,21,22,23,24,25,26,27,28,29,30,31,32,1,34,35,36,37,38,39,2,3,43,44,45,46,47,48,4,5,51,52,53,54,55,56,6,58,59,60,61,62,63,64,64,64
50,50,19,51,42,4,58,49,18,57,20,41,26,3,12,37,15,35,38,39,21,22,23,24,1,52,54,28,29,30,62,32,2,34,6,36,8,5,13,7,17,43,44,45,46,47,48,9,10,11,25,53,27,55,56,14,31,59,60,61,33,63,64,64,64
51,51,47,50,43,59,52,3,46,60,4,34,48,35,42,2,58,44,45,20,1,22,23,24,5,26,27,28,29,30,31,32,6,8,10,36,37,38,39,41,12,7,17,9,21,11,25,49,13,14,15,53,54,55,56,57,33,18,19,61,62,63,64,64,64
52,52,51,44,53,60,50,45,8,9,10,11,12,13,14,15,17,18,19,20,21,22,23,24,25,26,27,28,29,30,31,32,33,34,35,36,37,38,39,41,42,43,1,2,46,47,48,49,3,4,5,6,54,55,56,57,58,59,7,61,62,63,64,64,64
53,53,30,41,45,29,42,33,64,61,37,22,49,54,23,34,52,38,39,50,57,44,46,24,25,26,27,28,58,60,31,32,1,2,35,36,3,4,5,6,7,43,8,9,10,47,48,11,12,51,13,14,15,55,56,17,18,59,19,20,62,63,21,21,21
54,54,53,46,63,7,8,9,10,11,12,13,14,15,17,18,19,20,21,22,23,24,25,26,27,28,29,30,31,32,33,34,35,36,37,38,39,41,42,43,44,45,1,47,48,49,50,51,52,3,4,55,56,57,58,59,60,61,62,5,64,64,64,64,64
55,42,34,50,43,35,55,41,8,33,51,52,53,36,56,7,63,18,19,20,21,22,23,24,25,26,27,28,58,30,31,32,2,3,4,5,37,38,39,6,14,17,44,45,46,47,48,49,9,10,11,12,54,13,29,57,15,59,60,61,62,1,64,64,64
56,56,48,46,4,5,6,7,8,9,10,11,12,13,14,15,17,18,19,20,21,22,23,24,25,26,27,28,29,30,31,32,33,34,35,36,37,38,39,41,42,43,44,45,1,47,2,49,50,51,52,53,54,55,3,57,58,59,60,61,62,63,64,64,64
57,26,57,39,34,27,11,49,25,33,58,18,38,50,10,42,43,35,59,20,1,22,46,24,51,52,54,28,29,30,31,32,2,3,4,5,37,6,7,41,8,9,44,45,21,47,48,23,12,13,14,53,15,55,56,17,36,19,60,61,62,63,64,64,64
58,58,21,59,49,22,36,50,28,57,29,42,12,13,14,15,17,18,19,20,43,44,23,24,25,26,27,56,1,30,31,32,33,34,35,2,37,38,39,41,3,4,5,45,46,47,48,6,7,51,52,53,54,55,8,9,10,11,60,61,62,63,64,64,64
59,59,31,60,39,51,52,58,44,30,57,32,12,13,14,15,17,18,19,20,21,22,23,24,25,26,27,28,29,61,62,64,33,34,35,36,37,38,1,41,42,43,2,45,46,47,48,49,50,3,4,53,54,55,56,5,6,7,8,9,10,63,11,11,11
60,60,33,62,34,52,41,61,42,51,63,26,53,54,59,58,35,18,19,20,21,22,23,24,25,1,27,28,29,30,31,32,2,3,4,36,37,38,39,5,6,43,44,45,46,47,48,49,50,7,8,9,10,55,56,57,11,12,13,14,15,17,64,64,64
61,35,61,20,27,36,43,34,53,60,26,5,42,28,52,44,37,29,19,51,15,22,23,24,25,2,54,56,58,30,62,32,33,3,4,10,6,7,8,41,9,21,11,45,46,47,48,49,50,12,13,14,31,55,17,57,18,59,38,39,1,63,64,64,64
62,62,34,42,51,53,35,44,36,15,37,43,45,50,29,27,27,27,27,27,27,27,27,27,27,27,27,27,27,27,27,27,27,27,27,27,27,27,27,27,27,27,27,27,27,27,27,27,27,27,27,27,27,27,27,27,27,27,27,27,27,27,27,27,27
63,60,33,62,34,52,41,61,42,51,63,26,53,54,59,58,35,18,19,20,21,22,23,24,25,1,27,28,29,30,31,32,2,3,4,36,37,38,39,5,6,43,44,45,46,47,48,49,50,7,8,9,10,55,56,57,11,12,13,14,15,17,64,64,64
64,53,30,41,45,29,42,33,64,61,37,22,49,54,23,34,52,38,39,50,57,44,46,24,25,26,27,28,58,60,31,32,1,2,35,36,3,4,5,6,7,43,8,9,10,47,48,11,12,51,13,14,15,55,56,17,18,59,19,20,62,63,21,21,21
