1,0.0,0.0,0.0,0.0,0.0,0.0,0.0,0.0,0.0,0.0,0.0,0.0,0.0,0.0,0.0,0.0,0.0,0.0,0.0,0.0,0.0,0.0,0.0,0.0,0.0,0.0,0.0,0.0,0.0,0.0,0.0,0.0,0.0,0.0,0.0,0.0,0.0,0.0,0.0,0.0,0.0,0.0,0.0,0.0,0.0,0.0,0.0,0.0,0.0,0.0,0.0,0.0,0.0,0.0,0.0,0.0,0.0,0.0,0.0,0.0,0.0,0.0,0.0,0.0
3,0.0,0.0,0.0,0.0,0.0,0.0,0.0,0.0,0.0,0.0,0.0,0.0,0.0,0.0,0.0,0.0,0.0,0.0,0.0,0.0,0.0,0.0,0.0,0.0,0.0,0.0,0.0,0.0,0.0,0.0,0.0,0.0,0.0,0.0,0.0,0.0,0.0,0.0,0.0,0.0,0.0,0.0,0.0,0.0,0.0,0.0,0.0,0.0,0.0,0.0,0.0,0.0,0.0,0.0,0.0,0.0,0.0,0.0,0.0,0.0,0.0,0.0,0.0,0.0
7,0.0,0.0,0.0,0.0,0.0,0.0,0.0,0.0,0.0,0.0,0.0,0.0,0.0,0.0,0.0,0.0,0.0,0.0,0.0,0.0,0.0,0.0,0.0,0.0,0.0,0.0,0.0,0.0,0.0,0.0,0.0,0.0,0.0,0.0,0.0,0.0,0.0,0.0,0.0,0.0,0.0,0.0,0.0,0.0,0.0,0.0,0.0,0.0,0.0,0.0,0.0,0.0,0.0,0.0,0.0,0.0,0.0,0.0,0.0,0.0,0.0,0.0,0.0,0.0
9,0.8125,0.25,0.20833333333333331,0.16666666666666666,0.16666666666666666,0.14583333333333334,0.125,0.125,0.125,0.125,0.125,0.125,0.125,0.125,0.125,0.125,0.125,0.125,0.125,0.125,0.125,0.125,0.125,0.125,0.125,0.125,0.125,0.125,0.125,0.125,0.125,0.125,0.125,0.125,0.125,0.125,0.125,0.125,0.125,0.125,0.125,0.125,0.125,0.125,0.125,0.125,0.125,0.125,0.125,0.125,0.125,0.125,0.125,0.125,0.125,0.125,0.125,0.125,0.125,0.125,0.125,0.125,0.125,0.125
10,0.0,0.0,0.0,0.0,0.0,0.0,0.0,0.0,0.0,0.0,0.0,0.0,0.0,0.0,0.0,0.0,0.0,0.0,0.0,0.0,0.0,0.0,0.0,0.0,0.0,0.0,0.0,0.0,0.0,0.0,0.0,0.0,0.0,0.0,0.0,0.0,0.0,0.0,0.0,0.0,0.0,0.0,0.0,0.0,0.0,0.0,0.0,0.0,0.0,0.0,0.0,0.0,0.0,0.0,0.0,0.0,0.0,0.0,0.0,0.0,0.0,0.0,0.0,0.0
11,2.0,1.0,1.0,1.0,1.0,1.0,1.0,1.0,1.0,1.0,1.0,1.0,1.0,1.0,1.0,1.0,1.0,1.0,1.0,1.0,1.0,1.0,1.0,1.0,1.0,1.0,1.0,1.0,1.0,1.0,1.0,1.0,1.0,1.0,1.0,1.0,1.0,1.0,1.0,1.0,1.0,1.0,1.0,1.0,1.0,1.0,1.0,1.0,1.0,1.0,1.0,1.0,1.0,1.0,1.0,1.0,1.0,1.0,1.0,1.0,1.0,1.0,1.0,1.0
12,0.0,0.0,0.0,0.0,0.0,0.0,0.0,0.0,0.0,0.0,0.0,0.0,0.0,0.0,0.0,0.0,0.0,0.0,0.0,0.0,0.0,0.0,0.0,0.0,0.0,0.0,0.0,0.0,0.0,0.0,0.0,0.0,0.0,0.0,0.0,0.0,0.0,0.0,0.0,0.0,0.0,0.0,0.0,0.0,0.0,0.0,0.0,0.0,0.0,0.0,0.0,0.0,0.0,0.0,0.0,0.0,0.0,0.0,0.0,0.0,0.0,0.0,0.0,0.0
15,1.7894736842105263,1.0,0.8947368421052632,0.8947368421052632,0.8947368421052632,0.8947368421052632,0.8947368421052632,0.8947368421052632,0.8947368421052632,0.8947368421052632,0.8947368421052632,0.8947368421052632,0.8947368421052632,0.8947368421052632,0.8947368421052632,0.8947368421052632,0.8947368421052632,0.8947368421052632,0.8947368421052632,0.8947368421052632,0.8947368421052632,0.8947368421052632,0.8947368421052632,0.8947368421052632,0.8947368421052632,0.8947368421052632,0.8947368421052632,0.8947368421052632,0.8947368421052632,0.8947368421052632,0.8947368421052632,0.8947368421052632,0.8947368421052632,0.8947368421052632,0.8947368421052632,0.8947368421052632,0.8947368421052632,0.8947368421052632,0.8947368421052632,0.8947368421052632,0.8947368421052632,0.8947368421052632,0.8947368421052632,0.8947368421052632,0.8947368421052632,0.8947368421052632,0.8947368421052632,0.8947368421052632,0.8947368421052632,0.8947368421052632,0.8947368421052632,0.8947368421052632,0.8947368421052632,0.8947368421052632,0.8947368421052632,0.8947368421052632,0.8947368421052632,0.8947368421052632,0.8947368421052632,0.8947368421052632,0.8947368421052632,0.8947368421052632,0.8947368421052632,0.8947368421052632
17,0.3333333333333331,0.3333333333333331,0.16666666666666644,0.16666666666666644,0.16666666666666644,0.16666666666666644,0.16666666666666644,0.16666666666666644,0.16666666666666644,0.16666666666666644,0.16666666666666644,0.16666666666666644,0.16666666666666644,0.16666666666666644,0.16666666666666644,0.16666666666666644,0.16666666666666644,0.16666666666666644,0.16666666666666644,0.16666666666666644,0.16666666666666644,0.16666666666666644,0.16666666666666644,0.16666666666666644,0.16666666666666644,0.16666666666666644,0.16666666666666644,0.16666666666666644,0.16666666666666644,0.16666666666666644,0.16666666666666644,0.16666666666666644,0.16666666666666644,0.16666666666666644,0.16666666666666644,0.16666666666666644,0.16666666666666644,0.16666666666666644,0.16666666666666644,0.16666666666666644,0.16666666666666644,0.16666666666666644,0.16666666666666644,0.16666666666666644,0.16666666666666644,0.16666666666666644,0.16666666666666644,0.16666666666666644,0.16666666666666644,0.16666666666666644,0.16666666666666644,0.16666666666666644,0.16666666666666644,0.16666666666666644,0.16666666666666644,0.16666666666666644,0.16666666666666644,0.16666666666666644,0.16666666666666644,0.16666666666666644,0.16666666666666644,0.16666666666666644,0.16666666666666644,0.16666666666666644
18,0.6159420289855072,0.3695652173913043,0.2898550724637681,0.2391304347826087,0.15942028985507248,0.15217391304347827,0.15217391304347827,0.15217391304347827,0.15217391304347827,0.15217391304347827,0.15217391304347827,0.14492753623188406,0.14492753623188406,0.14492753623188406,0.14492753623188406,0.14492753623188406,0.14492753623188406,0.14492753623188406,0.14492753623188406,0.14492753623188406,0.14492753623188406,0.14492753623188406,0.14492753623188406,0.14492753623188406,0.14492753623188406,0.14492753623188406,0.14492753623188406,0.14492753623188406,0.14492753623188406,0.14492753623188406,0.14492753623188406,0.14492753623188406,0.14492753623188406,0.14492753623188406,0.14492753623188406,0.14492753623188406,0.14492753623188406,0.14492753623188406,0.14492753623188406,0.14492753623188406,0.14492753623188406,0.14492753623188406,0.14492753623188406,0.14492753623188406,0.14492753623188406,0.14492753623188406,0.14492753623188406,0.14492753623188406,0.14492753623188406,0.14492753623188406,0.14492753623188406,0.14492753623188406,0.14492753623188406,0.14492753623188406,0.14492753623188406,0.14492753623188406,0.14492753623188406,0.14492753623188406,0.14492753623188406,0.14492753623188406,0.14492753623188406,0.14492753623188406,0.14492753623188406,0.14492753623188406
19,0.7037037037037037,0.5185185185185185,0.48148148148148145,0.2777777777777778,0.2777777777777778,0.2777777777777778,0.2777777777777778,0.25925925925925924,0.25925925925925924,0.25925925925925924,0.25925925925925924,0.25925925925925924,0.25925925925925924,0.25925925925925924,0.25925925925925924,0.25925925925925924,0.25925925925925924,0.25925925925925924,0.25925925925925924,0.25925925925925924,0.25925925925925924,0.25925925925925924,0.25925925925925924,0.25925925925925924,0.25925925925925924,0.25925925925925924,0.25925925925925924,0.25925925925925924,0.25925925925925924,0.25925925925925924,0.25925925925925924,0.25925925925925924,0.25925925925925924,0.25925925925925924,0.25925925925925924,0.25925925925925924,0.25925925925925924,0.25925925925925924,0.25925925925925924,0.25925925925925924,0.25925925925925924,0.25925925925925924,0.25925925925925924,0.25925925925925924,0.25925925925925924,0.25925925925925924,0.25925925925925924,0.25925925925925924,0.25925925925925924,0.25925925925925924,0.25925925925925924,0.25925925925925924,0.25925925925925924,0.25925925925925924,0.25925925925925924,0.25925925925925924,0.25925925925925924,0.25925925925925924,0.25925925925925924,0.25925925925925924,0.25925925925925924,0.25925925925925924,0.25925925925925924,0.25925925925925924
20,1.5,1.0,0.75,0.75,0.75,0.75,0.75,0.75,0.75,0.75,0.75,0.75,0.75,0.75,0.75,0.75,0.75,0.75,0.75,0.75,0.75,0.75,0.75,0.75,0.75,0.75,0.75,0.75,0.75,0.75,0.75,0.75,0.75,0.75,0.75,0.75,0.75,0.75,0.75,0.75,0.75,0.75,0.75,0.75,0.75,0.75,0.75,0.75,0.75,0.75,0.75,0.75,0.75,0.75,0.75,0.75,0.75,0.75,0.75,0.75,0.75,0.75,0.75,0.75
21,0.8125,0.75,0.4375,0.4375,0.4375,0.375,0.375,0.375,0.375,0.375,0.375,0.375,0.375,0.375,0.375,0.375,0.375,0.375,0.375,0.375,0.375,0.375,0.375,0.375,0.375,0.375,0.375,0.375,0.375,0.375,0.375,0.375,0.375,0.375,0.375,0.375,0.375,0.375,0.375,0.375,0.375,0.375,0.375,0.375,0.375,0.375,0.375,0.375,0.375,0.375,0.375,0.375,0.375,0.375,0.375,0.375,0.375,0.375,0.375,0.375,0.375,0.375,0.375,0.375
22,0.75,0.31666666666666665,0.3,0.16666666666666666,0.16666666666666666,0.16666666666666666,0.16666666666666666,0.15,0.15,0.15,0.15,0.15,0.15,0.15,0.15,0.15,0.15,0.15,0.15,0.15,0.15,0.15,0.15,0.15,0.15,0.15,0.15,0.15,0.15,0.15,0.15,0.15,0.15,0.15,0.15,0.15,0.15,0.15,0.15,0.15,0.15,0.15,0.15,0.15,0.15,0.15,0.15,0.15,0.15,0.15,0.15,0.15,0.15,0.15,0.15,0.15,0.15,0.15,0.15,0.15,0.15,0.15,0.15,0.15
23,0.47058823529411764,0.4411764705882353,0.19607843137254902,0.13725490196078433,0.13725490196078433,0.11764705882352941,0.11764705882352941,0.10784313725490197,0.10784313725490197,0.10784313725490197,0.10784313725490197,0.10784313725490197,0.10784313725490197,0.10784313725490197,0.09803921568627451,0.09803921568627451,0.09803921568627451,0.09803921568627451,0.09803921568627451,0.09803921568627451,0.09803921568627451,0.09803921568627451,0.09803921568627451,0.09803921568627451,0.09803921568627451,0.09803921568627451,0.09803921568627451,0.09803921568627451,0.09803921568627451,0.09803921568627451,0.09803921568627451,0.09803921568627451,0.09803921568627451,0.09803921568627451,0.09803921568627451,0.09803921568627451,0.09803921568627451,0.09803921568627451,0.09803921568627451,0.09803921568627451,0.09803921568627451,0.09803921568627451,0.09803921568627451,0.09803921568627451,0.09803921568627451,0.09803921568627451,0.09803921568627451,0.09803921568627451,0.09803921568627451,0.09803921568627451,0.09803921568627451,0.09803921568627451,0.09803921568627451,0.09803921568627451,0.09803921568627451,0.09803921568627451,0.09803921568627451,0.09803921568627451,0.09803921568627451,0.09803921568627451,0.09803921568627451,0.09803921568627451,0.09803921568627451,0.09803921568627451
26,2.0,1.0,1.0,1.0,1.0,1.0,1.0,1.0,1.0,1.0,1.0,1.0,1.0,1.0,1.0,1.0,1.0,1.0,1.0,1.0,1.0,1.0,1.0,1.0,1.0,1.0,1.0,1.0,1.0,1.0,1.0,1.0,1.0,1.0,1.0,1.0,1.0,1.0,1.0,1.0,1.0,1.0,1.0,1.0,1.0,1.0,1.0,1.0,1.0,1.0,1.0,1.0,1.0,1.0,1.0,1.0,1.0,1.0,1.0,1.0,1.0,1.0,1.0,1.0
27,1.2857142857142858,0.9285714285714286,0.7142857142857143,0.6428571428571429,0.6428571428571429,0.6428571428571429,0.6428571428571429,0.6428571428571429,0.6428571428571429,0.6428571428571429,0.6428571428571429,0.6428571428571429,0.6428571428571429,0.6428571428571429,0.6428571428571429,0.6428571428571429,0.6428571428571429,0.6428571428571429,0.6428571428571429,0.6428571428571429,0.6428571428571429,0.6428571428571429,0.6428571428571429,0.6428571428571429,0.6428571428571429,0.6428571428571429,0.6428571428571429,0.6428571428571429,0.6428571428571429,0.6428571428571429,0.6428571428571429,0.6428571428571429,0.6428571428571429,0.6428571428571429,0.6428571428571429,0.6428571428571429,0.6428571428571429,0.6428571428571429,0.6428571428571429,0.6428571428571429,0.6428571428571429,0.6428571428571429,0.6428571428571429,0.6428571428571429,0.6428571428571429,0.6428571428571429,0.6428571428571429,0.6428571428571429,0.6428571428571429,0.6428571428571429,0.6428571428571429,0.6428571428571429,0.6428571428571429,0.6428571428571429,0.6428571428571429,0.6428571428571429,0.6428571428571429,0.6428571428571429,0.6428571428571429,0.6428571428571429,0.6428571428571429,0.6428571428571429,0.6428571428571429,0.6428571428571429
28,0.875,0.8125,0.5,0.5,0.5,0.4375,0.4375,0.4375,0.4375,0.4375,0.4375,0.4375,0.4375,0.4375,0.4375,0.4375,0.4375,0.4375,0.4375,0.4375,0.4375,0.4375,0.4375,0.4375,0.4375,0.4375,0.4375,0.4375,0.4375,0.4375,0.4375,0.4375,0.4375,0.4375,0.4375,0.4375,0.4375,0.4375,0.4375,0.4375,0.4375,0.4375,0.4375,0.4375,0.4375,0.4375,0.4375,0.4375,0.4375,0.4375,0.4375,0.4375,0.4375,0.4375,0.4375,0.4375,0.4375,0.4375,0.4375,0.4375,0.4375,0.4375,0.4375,0.4375
29,1.375,0.8125,0.7708333333333334,0.7291666666666666,0.7291666666666666,0.7083333333333334,0.6875,0.6875,0.6875,0.6875,0.6875,0.6875,0.6875,0.6875,0.6875,0.6875,0.6875,0.6875,0.6875,0.6875,0.6875,0.6875,0.6875,0.6875,0.6875,0.6875,0.6875,0.6875,0.6875,0.6875,0.6875,0.6875,0.6875,0.6875,0.6875,0.6875,0.6875,0.6875,0.6875,0.6875,0.6875,0.6875,0.6875,0.6875,0.6875,0.6875,0.6875,0.6875,0.6875,0.6875,0.6875,0.6875,0.6875,0.6875,0.6875,0.6875,0.6875,0.6875,0.6875,0.6875,0.6875,0.6875,0.6875,0.6875
30,1.4807692307692308,0.8846153846153846,0.75,0.75,0.75,0.75,0.7403846153846154,0.7403846153846154,0.7403846153846154,0.7403846153846154,0.7403846153846154,0.7403846153846154,0.7403846153846154,0.7403846153846154,0.7403846153846154,0.7403846153846154,0.7403846153846154,0.7403846153846154,0.7403846153846154,0.7403846153846154,0.7403846153846154,0.7403846153846154,0.7403846153846154,0.7403846153846154,0.7403846153846154,0.7403846153846154,0.7403846153846154,0.7403846153846154,0.7403846153846154,0.7403846153846154,0.7403846153846154,0.7403846153846154,0.7403846153846154,0.7403846153846154,0.7403846153846154,0.7403846153846154,0.7403846153846154,0.7403846153846154,0.7403846153846154,0.7403846153846154,0.7403846153846154,0.7403846153846154,0.7403846153846154,0.7403846153846154,0.7403846153846154,0.7403846153846154,0.7403846153846154,0.7403846153846154,0.7403846153846154,0.7403846153846154,0.7403846153846154,0.7403846153846154,0.7403846153846154,0.7403846153846154,0.7403846153846154,0.7403846153846154,0.7403846153846154,0.7403846153846154,0.7403846153846154,0.7403846153846154,0.7403846153846154,0.7403846153846154,0.7403846153846154,0.7403846153846154
31,0.0,0.0,0.0,0.0,0.0,0.0,0.0,0.0,0.0,0.0,0.0,0.0,0.0,0.0,0.0,0.0,0.0,0.0,0.0,0.0,0.0,0.0,0.0,0.0,0.0,0.0,0.0,0.0,0.0,0.0,0.0,0.0,0.0,0.0,0.0,0.0,0.0,0.0,0.0,0.0,0.0,0.0,0.0,0.0,0.0,0.0,0.0,0.0,0.0,0.0,0.0,0.0,0.0,0.0,0.0,0.0,0.0,0.0,0.0,0.0,0.0,0.0,0.0,0.0
34,0.3188405797101449,0.10144927536231885,0.10144927536231885,0.10144927536231885,0.10144927536231885,0.09420289855072464,0.09420289855072464,0.09420289855072464,0.09420289855072464,0.09420289855072464,0.09420289855072464,0.09420289855072464,0.09420289855072464,0.09420289855072464,0.09420289855072464,0.09420289855072464,0.09420289855072464,0.09420289855072464,0.09420289855072464,0.09420289855072464,0.09420289855072464,0.09420289855072464,0.09420289855072464,0.09420289855072464,0.09420289855072464,0.09420289855072464,0.09420289855072464,0.09420289855072464,0.09420289855072464,0.09420289855072464,0.09420289855072464,0.09420289855072464,0.09420289855072464,0.09420289855072464,0.09420289855072464,0.09420289855072464,0.09420289855072464,0.09420289855072464,0.09420289855072464,0.09420289855072464,0.09420289855072464,0.09420289855072464,0.09420289855072464,0.09420289855072464,0.09420289855072464,0.09420289855072464,0.09420289855072464,0.09420289855072464,0.09420289855072464,0.09420289855072464,0.09420289855072464,0.09420289855072464,0.09420289855072464,0.09420289855072464,0.09420289855072464,0.09420289855072464,0.09420289855072464,0.09420289855072464,0.09420289855072464,0.09420289855072464,0.09420289855072464,0.09420289855072464,0.09420289855072464,0.09420289855072464
35,0.7156862745098039,0.6862745098039216,0.4411764705882353,0.38235294117647056,0.38235294117647056,0.3627450980392157,0.3627450980392157,0.35294117647058826,0.35294117647058826,0.35294117647058826,0.35294117647058826,0.35294117647058826,0.35294117647058826,0.35294117647058826,0.3431372549019608,0.3431372549019608,0.3431372549019608,0.3431372549019608,0.3431372549019608,0.3431372549019608,0.3431372549019608,0.3431372549019608,0.3431372549019608,0.3431372549019608,0.3431372549019608,0.3431372549019608,0.3431372549019608,0.3431372549019608,0.3431372549019608,0.3431372549019608,0.3431372549019608,0.3431372549019608,0.3431372549019608,0.3431372549019608,0.3431372549019608,0.3431372549019608,0.3431372549019608,0.3431372549019608,0.3431372549019608,0.3431372549019608,0.3431372549019608,0.3431372549019608,0.3431372549019608,0.3431372549019608,0.3431372549019608,0.3431372549019608,0.3431372549019608,0.3431372549019608,0.3431372549019608,0.3431372549019608,0.3431372549019608,0.3431372549019608,0.3431372549019608,0.3431372549019608,0.3431372549019608,0.3431372549019608,0.3431372549019608,0.3431372549019608,0.3431372549019608,0.3431372549019608,0.3431372549019608,0.3431372549019608,0.3431372549019608,0.3431372549019608
36,1.375,0.8125,0.75,0.71875,0.71875,0.6875,0.6875,0.6875,0.6875,0.6875,0.6875,0.6875,0.6875,0.6875,0.6875,0.6875,0.6875,0.6875,0.6875,0.6875,0.6875,0.6875,0.6875,0.6875,0.6875,0.6875,0.6875,0.6875,0.6875,0.6875,0.6875,0.6875,0.6875,0.6875,0.6875,0.6875,0.6875,0.6875,0.6875,0.6875,0.6875,0.6875,0.6875,0.6875,0.6875,0.6875,0.6875,0.6875,0.6875,0.6875,0.6875,0.6875,0.6875,0.6875,0.6875,0.6875,0.6875,0.6875,0.6875,0.6875,0.6875,0.6875,0.6875,0.6875
37,0.7450980392156863,0.7156862745098039,0.47058823529411764,0.4117647058823529,0.4117647058823529,0.39215686274509803,0.39215686274509803,0.3823529411764706,0.3823529411764706,0.3823529411764706,0.3823529411764706,0.3823529411764706,0.3823529411764706,0.3823529411764706,0.37254901960784315,0.37254901960784315,0.37254901960784315,0.37254901960784315,0.37254901960784315,0.37254901960784315,0.37254901960784315,0.37254901960784315,0.37254901960784315,0.37254901960784315,0.37254901960784315,0.37254901960784315,0.37254901960784315,0.37254901960784315,0.37254901960784315,0.37254901960784315,0.37254901960784315,0.37254901960784315,0.37254901960784315,0.37254901960784315,0.37254901960784315,0.37254901960784315,0.37254901960784315,0.37254901960784315,0.37254901960784315,0.37254901960784315,0.37254901960784315,0.37254901960784315,0.37254901960784315,0.37254901960784315,0.37254901960784315,0.37254901960784315,0.37254901960784315,0.37254901960784315,0.37254901960784315,0.37254901960784315,0.37254901960784315,0.37254901960784315,0.37254901960784315,0.37254901960784315,0.37254901960784315,0.37254901960784315,0.37254901960784315,0.37254901960784315,0.37254901960784315,0.37254901960784315,0.37254901960784315,0.37254901960784315,0.37254901960784315,0.37254901960784315
38,0.6666666666666666,0.4444444444444444,0.24074074074074073,0.24074074074074073,0.2222222222222222,0.2222222222222222,0.2222222222222222,0.2222222222222222,0.2222222222222222,0.2222222222222222,0.2222222222222222,0.2222222222222222,0.2222222222222222,0.2222222222222222,0.2222222222222222,0.2222222222222222,0.2222222222222222,0.2222222222222222,0.2222222222222222,0.2222222222222222,0.2222222222222222,0.2222222222222222,0.2222222222222222,0.2222222222222222,0.2222222222222222,0.2222222222222222,0.2222222222222222,0.2222222222222222,0.2222222222222222,0.2222222222222222,0.2222222222222222,0.2222222222222222,0.2222222222222222,0.2222222222222222,0.2222222222222222,0.2222222222222222,0.2222222222222222,0.2222222222222222,0.2222222222222222,0.2222222222222222,0.2222222222222222,0.2222222222222222,0.2222222222222222,0.2222222222222222,0.2222222222222222,0.2222222222222222,0.2222222222222222,0.2222222222222222,0.2222222222222222,0.2222222222222222,0.2222222222222222,0.2222222222222222,0.2222222222222222,0.2222222222222222,0.2222222222222222,0.2222222222222222,0.2222222222222222,0.2222222222222222,0.2222222222222222,0.2222222222222222,0.2222222222222222,0.2222222222222222,0.2222222222222222,0.2222222222222222
41,0.9189189189189189,0.3783783783783784,0.21621621621621623,0.21621621621621623,0.20270270270270271,0.20270270270270271,0.1891891891891892,0.1891891891891892,0.1891891891891892,0.1891891891891892,0.1891891891891892,0.1891891891891892,0.1891891891891892,0.1891891891891892,0.1891891891891892,0.1891891891891892,0.1891891891891892,0.1891891891891892,0.1891891891891892,0.1891891891891892,0.1891891891891892,0.1891891891891892,0.1891891891891892,0.1891891891891892,0.1891891891891892,0.1891891891891892,0.1891891891891892,0.1891891891891892,0.1891891891891892,0.1891891891891892,0.1891891891891892,0.1891891891891892,0.1891891891891892,0.1891891891891892,0.1891891891891892,0.1891891891891892,0.1891891891891892,0.1891891891891892,0.1891891891891892,0.1891891891891892,0.1891891891891892,0.1891891891891892,0.1891891891891892,0.1891891891891892,0.1891891891891892,0.1891891891891892,0.1891891891891892,0.1891891891891892,0.1891891891891892,0.1891891891891892,0.1891891891891892,0.1891891891891892,0.1891891891891892,0.1891891891891892,0.1891891891891892,0.1891891891891892,0.1891891891891892,0.1891891891891892,0.1891891891891892,0.1891891891891892,0.1891891891891892,0.1891891891891892,0.1891891891891892,0.1891891891891892
42,1.4594594594594594,0.9189189189189189,0.7567567567567568,0.7567567567567568,0.7432432432432432,0.7432432432432432,0.7297297297297297,0.7297297297297297,0.7297297297297297,0.7297297297297297,0.7297297297297297,0.7297297297297297,0.7297297297297297,0.7297297297297297,0.7297297297297297,0.7297297297297297,0.7297297297297297,0.7297297297297297,0.7297297297297297,0.7297297297297297,0.7297297297297297,0.7297297297297297,0.7297297297297297,0.7297297297297297,0.7297297297297297,0.7297297297297297,0.7297297297297297,0.7297297297297297,0.7297297297297297,0.7297297297297297,0.7297297297297297,0.7297297297297297,0.7297297297297297,0.7297297297297297,0.7297297297297297,0.7297297297297297,0.7297297297297297,0.7297297297297297,0.7297297297297297,0.7297297297297297,0.7297297297297297,0.7297297297297297,0.7297297297297297,0.7297297297297297,0.7297297297297297,0.7297297297297297,0.7297297297297297,0.7297297297297297,0.7297297297297297,0.7297297297297297,0.7297297297297297,0.7297297297297297,0.7297297297297297,0.7297297297297297,0.7297297297297297,0.7297297297297297,0.7297297297297297,0.7297297297297297,0.7297297297297297,0.7297297297297297,0.7297297297297297,0.7297297297297297,0.7297297297297297,0.7297297297297297
43,1.68,0.89,0.87,0.86,0.85,0.85,0.85,0.85,0.85,0.85,0.84,0.84,0.84,0.84,0.84,0.84,0.84,0.84,0.84,0.84,0.84,0.84,0.84,0.84,0.84,0.84,0.84,0.84,0.84,0.84,0.84,0.84,0.84,0.84,0.84,0.84,0.84,0.84,0.84,0.84,0.84,0.84,0.84,0.84,0.84,0.84,0.84,0.84,0.84,0.84,0.84,0.84,0.84,0.84,0.84,0.84,0.84,0.84,0.84,0.84,0.84,0.84,0.84,0.84
44,1.4318181818181819,0.7613636363636364,0.7613636363636364,0.7613636363636364,0.75,0.7386363636363636,0.7272727272727273,0.7159090909090909,0.7159090909090909,0.7159090909090909,0.7159090909090909,0.7159090909090909,0.7159090909090909,0.7159090909090909,0.7159090909090909,0.7159090909090909,0.7159090909090909,0.7159090909090909,0.7159090909090909,0.7159090909090909,0.7159090909090909,0.7159090909090909,0.7159090909090909,0.7159090909090909,0.7159090909090909,0.7159090909090909,0.7159090909090909,0.7159090909090909,0.7159090909090909,0.7159090909090909,0.7159090909090909,0.7159090909090909,0.7159090909090909,0.7159090909090909,0.7159090909090909,0.7159090909090909,0.7159090909090909,0.7159090909090909,0.7159090909090909,0.7159090909090909,0.7159090909090909,0.7159090909090909,0.7159090909090909,0.7159090909090909,0.7159090909090909,0.7159090909090909,0.7159090909090909,0.7159090909090909,0.7159090909090909,0.7159090909090909,0.7159090909090909,0.7159090909090909,0.7159090909090909,0.7159090909090909,0.7159090909090909,0.7159090909090909,0.7159090909090909,0.7159090909090909,0.7159090909090909,0.7159090909090909,0.7159090909090909,0.7159090909090909,0.7159090909090909,0.7159090909090909
45,1.5238095238095237,0.8333333333333333,0.8095238095238095,0.8095238095238095,0.8095238095238095,0.7857142857142857,0.7619047619047619,0.7619047619047619,0.7619047619047619,0.7619047619047619,0.7619047619047619,0.7619047619047619,0.7619047619047619,0.7619047619047619,0.7619047619047619,0.7619047619047619,0.7619047619047619,0.7619047619047619,0.7619047619047619,0.7619047619047619,0.7619047619047619,0.7619047619047619,0.7619047619047619,0.7619047619047619,0.7619047619047619,0.7619047619047619,0.7619047619047619,0.7619047619047619,0.7619047619047619,0.7619047619047619,0.7619047619047619,0.7619047619047619,0.7619047619047619,0.7619047619047619,0.7619047619047619,0.7619047619047619,0.7619047619047619,0.7619047619047619,0.7619047619047619,0.7619047619047619,0.7619047619047619,0.7619047619047619,0.7619047619047619,0.7619047619047619,0.7619047619047619,0.7619047619047619,0.7619047619047619,0.7619047619047619,0.7619047619047619,0.7619047619047619,0.7619047619047619,0.7619047619047619,0.7619047619047619,0.7619047619047619,0.7619047619047619,0.7619047619047619,0.7619047619047619,0.7619047619047619,0.7619047619047619,0.7619047619047619,0.7619047619047619,0.7619047619047619,0.7619047619047619,0.7619047619047619
46,0.0,0.0,0.0,0.0,0.0,0.0,0.0,0.0,0.0,0.0,0.0,0.0,0.0,0.0,0.0,0.0,0.0,0.0,0.0,0.0,0.0,0.0,0.0,0.0,0.0,0.0,0.0,0.0,0.0,0.0,0.0,0.0,0.0,0.0,0.0,0.0,0.0,0.0,0.0,0.0,0.0,0.0,0.0,0.0,0.0,0.0,0.0,0.0,0.0,0.0,0.0,0.0,0.0,0.0,0.0,0.0,0.0,0.0,0.0,0.0,0.0,0.0,0.0,0.0
47,2.0,1.0,1.0,1.0,1.0,1.0,1.0,1.0,1.0,1.0,1.0,1.0,1.0,1.0,1.0,1.0,1.0,1.0,1.0,1.0,1.0,1.0,1.0,1.0,1.0,1.0,1.0,1.0,1.0,1.0,1.0,1.0,1.0,1.0,1.0,1.0,1.0,1.0,1.0,1.0,1.0,1.0,1.0,1.0,1.0,1.0,1.0,1.0,1.0,1.0,1.0,1.0,1.0,1.0,1.0,1.0,1.0,1.0,1.0,1.0,1.0,1.0,1.0,1.0
48,0.9285714285714286,0.5714285714285714,0.3571428571428571,0.2857142857142857,0.2857142857142857,0.2857142857142857,0.2857142857142857,0.2857142857142857,0.2857142857142857,0.2857142857142857,0.2857142857142857,0.2857142857142857,0.2857142857142857,0.2857142857142857,0.2857142857142857,0.2857142857142857,0.2857142857142857,0.2857142857142857,0.2857142857142857,0.2857142857142857,0.2857142857142857,0.2857142857142857,0.2857142857142857,0.2857142857142857,0.2857142857142857,0.2857142857142857,0.2857142857142857,0.2857142857142857,0.2857142857142857,0.2857142857142857,0.2857142857142857,0.2857142857142857,0.2857142857142857,0.2857142857142857,0.2857142857142857,0.2857142857142857,0.2857142857142857,0.2857142857142857,0.2857142857142857,0.2857142857142857,0.2857142857142857,0.2857142857142857,0.2857142857142857,0.2857142857142857,0.2857142857142857,0.2857142857142857,0.2857142857142857,0.2857142857142857,0.2857142857142857,0.2857142857142857,0.2857142857142857,0.2857142857142857,0.2857142857142857,0.2857142857142857,0.2857142857142857,0.2857142857142857,0.2857142857142857,0.2857142857142857,0.2857142857142857,0.2857142857142857,0.2857142857142857,0.2857142857142857,0.2857142857142857,0.2857142857142857
49,0.8846153846153846,0.28846153846153844,0.15384615384615383,0.15384615384615383,0.15384615384615383,0.15384615384615383,0.14423076923076922,0.14423076923076922,0.14423076923076922,0.14423076923076922,0.14423076923076922,0.14423076923076922,0.14423076923076922,0.14423076923076922,0.14423076923076922,0.14423076923076922,0.14423076923076922,0.14423076923076922,0.14423076923076922,0.14423076923076922,0.14423076923076922,0.14423076923076922,0.14423076923076922,0.14423076923076922,0.14423076923076922,0.14423076923076922,0.14423076923076922,0.14423076923076922,0.14423076923076922,0.14423076923076922,0.14423076923076922,0.14423076923076922,0.14423076923076922,0.14423076923076922,0.14423076923076922,0.14423076923076922,0.14423076923076922,0.14423076923076922,0.14423076923076922,0.14423076923076922,0.14423076923076922,0.14423076923076922,0.14423076923076922,0.14423076923076922,0.14423076923076922,0.14423076923076922,0.14423076923076922,0.14423076923076922,0.14423076923076922,0.14423076923076922,0.14423076923076922,0.14423076923076922,0.14423076923076922,0.14423076923076922,0.14423076923076922,0.14423076923076922,0.14423076923076922,0.14423076923076922,0.14423076923076922,0.14423076923076922,0.14423076923076922,0.14423076923076922,0.14423076923076922,0.14423076923076922
50,1.6470588235294117,0.8823529411764706,0.8529411764705882,0.8529411764705882,0.8529411764705882,0.8529411764705882,0.8235294117647058,0.8235294117647058,0.8235294117647058,0.8235294117647058,0.8235294117647058,0.8235294117647058,0.8235294117647058,0.8235294117647058,0.8235294117647058,0.8235294117647058,0.8235294117647058,0.8235294117647058,0.8235294117647058,0.8235294117647058,0.8235294117647058,0.8235294117647058,0.8235294117647058,0.8235294117647058,0.8235294117647058,0.8235294117647058,0.8235294117647058,0.8235294117647058,0.8235294117647058,0.8235294117647058,0.8235294117647058,0.8235294117647058,0.8235294117647058,0.8235294117647058,0.8235294117647058,0.8235294117647058,0.8235294117647058,0.8235294117647058,0.8235294117647058,0.8235294117647058,0.8235294117647058,0.8235294117647058,0.8235294117647058,0.8235294117647058,0.8235294117647058,0.8235294117647058,0.8235294117647058,0.8235294117647058,0.8235294117647058,0.8235294117647058,0.8235294117647058,0.8235294117647058,0.8235294117647058,0.8235294117647058,0.8235294117647058,0.8235294117647058,0.8235294117647058,0.8235294117647058,0.8235294117647058,0.8235294117647058,0.8235294117647058,0.8235294117647058,0.8235294117647058,0.8235294117647058
51,0.6956521739130435,0.4492753623188406,0.3695652173913043,0.3188405797101449,0.2391304347826087,0.2318840579710145,0.2318840579710145,0.2318840579710145,0.2318840579710145,0.2318840579710145,0.2318840579710145,0.2246376811594203,0.2246376811594203,0.2246376811594203,0.2246376811594203,0.2246376811594203,0.2246376811594203,0.2246376811594203,0.2246376811594203,0.2246376811594203,0.2246376811594203,0.2246376811594203,0.2246376811594203,0.2246376811594203,0.2246376811594203,0.2246376811594203,0.2246376811594203,0.2246376811594203,0.2246376811594203,0.2246376811594203,0.2246376811594203,0.2246376811594203,0.2246376811594203,0.2246376811594203,0.2246376811594203,0.2246376811594203,0.2246376811594203,0.2246376811594203,0.2246376811594203,0.2246376811594203,0.2246376811594203,0.2246376811594203,0.2246376811594203,0.2246376811594203,0.2246376811594203,0.2246376811594203,0.2246376811594203,0.2246376811594203,0.2246376811594203,0.2246376811594203,0.2246376811594203,0.2246376811594203,0.2246376811594203,0.2246376811594203,0.2246376811594203,0.2246376811594203,0.2246376811594203,0.2246376811594203,0.2246376811594203,0.2246376811594203,0.2246376811594203,0.2246376811594203,0.2246376811594203,0.2246376811594203
52,1.7297297297297298,0.8918918918918919,0.8918918918918919,0.8918918918918919,0.8783783783783784,0.8783783783783784,0.8783783783783784,0.8783783783783784,0.8648648648648649,0.8648648648648649,0.8648648648648649,0.8648648648648649,0.8648648648648649,0.8648648648648649,0.8648648648648649,0.8648648648648649,0.8648648648648649,0.8648648648648649,0.8648648648648649,0.8648648648648649,0.8648648648648649,0.8648648648648649,0.8648648648648649,0.8648648648648649,0.8648648648648649,0.8648648648648649,0.8648648648648649,0.8648648648648649,0.8648648648648649,0.8648648648648649,0.8648648648648649,0.8648648648648649,0.8648648648648649,0.8648648648648649,0.8648648648648649,0.8648648648648649,0.8648648648648649,0.8648648648648649,0.8648648648648649,0.8648648648648649,0.8648648648648649,0.8648648648648649,0.8648648648648649,0.8648648648648649,0.8648648648648649,0.8648648648648649,0.8648648648648649,0.8648648648648649,0.8648648648648649,0.8648648648648649,0.8648648648648649,0.8648648648648649,0.8648648648648649,0.8648648648648649,0.8648648648648649,0.8648648648648649,0.8648648648648649,0.8648648648648649,0.8648648648648649,0.8648648648648649,0.8648648648648649,0.8648648648648649,0.8648648648648649,0.8648648648648649
53,0.8888888888888888,0.7037037037037037,0.6666666666666666,0.4629629629629629,0.4629629629629629,0.4629629629629629,0.4629629629629629,0.4444444444444444,0.4444444444444444,0.4444444444444444,0.4444444444444444,0.4444444444444444,0.4444444444444444,0.4444444444444444,0.4444444444444444,0.4444444444444444,0.4444444444444444,0.4444444444444444,0.4444444444444444,0.4444444444444444,0.4444444444444444,0.4444444444444444,0.4444444444444444,0.4444444444444444,0.4444444444444444,0.4444444444444444,0.4444444444444444,0.4444444444444444,0.4444444444444444,0.4444444444444444,0.4444444444444444,0.4444444444444444,0.4444444444444444,0.4444444444444444,0.4444444444444444,0.4444444444444444,0.4444444444444444,0.4444444444444444,0.4444444444444444,0.4444444444444444,0.4444444444444444,0.4444444444444444,0.4444444444444444,0.4444444444444444,0.4444444444444444,0.4444444444444444,0.4444444444444444,0.4444444444444444,0.4444444444444444,0.4444444444444444,0.4444444444444444,0.4444444444444444,0.4444444444444444,0.4444444444444444,0.4444444444444444,0.4444444444444444,0.4444444444444444,0.4444444444444444,0.4444444444444444,0.4444444444444444,0.4444444444444444,0.4444444444444444,0.4444444444444444,0.4444444444444444
54,0.0,0.0,0.0,0.0,0.0,0.0,0.0,0.0,0.0,0.0,0.0,0.0,0.0,0.0,0.0,0.0,0.0,0.0,0.0,0.0,0.0,0.0,0.0,0.0,0.0,0.0,0.0,0.0,0.0,0.0,0.0,0.0,0.0,0.0,0.0,0.0,0.0,0.0,0.0,0.0,0.0,0.0,0.0,0.0,0.0,0.0,0.0,0.0,0.0,0.0,0.0,0.0,0.0,0.0,0.0,0.0,0.0,0.0,0.0,0.0,0.0,0.0,0.0,0.0
55,0.0,0.0,0.0,0.0,0.0,0.0,0.0,0.0,0.0,0.0,0.0,0.0,0.0,0.0,0.0,0.0,0.0,0.0,0.0,0.0,0.0,0.0,0.0,0.0,0.0,0.0,0.0,0.0,0.0,0.0,0.0,0.0,0.0,0.0,0.0,0.0,0.0,0.0,0.0,0.0,0.0,0.0,0.0,0.0,0.0,0.0,0.0,0.0,0.0,0.0,0.0,0.0,0.0,0.0,0.0,0.0,0.0,0.0,0.0,0.0,0.0,0.0,0.0,0.0
56,1.0,0.21052631578947367,0.10526315789473684,0.10526315789473684,0.10526315789473684,0.10526315789473684,0.10526315789473684,0.10526315789473684,0.10526315789473684,0.10526315789473684,0.10526315789473684,0.10526315789473684,0.10526315789473684,0.10526315789473684,0.10526315789473684,0.10526315789473684,0.10526315789473684,0.10526315789473684,0.10526315789473684,0.10526315789473684,0.10526315789473684,0.10526315789473684,0.10526315789473684,0.10526315789473684,0.10526315789473684,0.10526315789473684,0.10526315789473684,0.10526315789473684,0.10526315789473684,0.10526315789473684,0.10526315789473684,0.10526315789473684,0.10526315789473684,0.10526315789473684,0.10526315789473684,0.10526315789473684,0.10526315789473684,0.10526315789473684,0.10526315789473684,0.10526315789473684,0.10526315789473684,0.10526315789473684,0.10526315789473684,0.10526315789473684,0.10526315789473684,0.10526315789473684,0.10526315789473684,0.10526315789473684,0.10526315789473684,0.10526315789473684,0.10526315789473684,0.10526315789473684,0.10526315789473684,0.10526315789473684,0.10526315789473684,0.10526315789473684,0.10526315789473684,0.10526315789473684,0.10526315789473684,0.10526315789473684,0.10526315789473684,0.10526315789473684,0.10526315789473684,0.10526315789473684
57,0.89,0.1,0.08,0.07,0.060000000000000005,0.060000000000000005,0.060000000000000005,0.060000000000000005,0.060000000000000005,0.060000000000000005,0.05,0.05,0.05,0.05,0.05,0.05,0.05,0.05,0.05,0.05,0.05,0.05,0.05,0.05,0.05,0.05,0.05,0.05,0.05,0.05,0.05,0.05,0.05,0.05,0.05,0.05,0.05,0.05,0.05,0.05,0.05,0.05,0.05,0.05,0.05,0.05,0.05,0.05,0.05,0.05,0.05,0.05,0.05,0.05,0.05,0.05,0.05,0.05,0.05,0.05,0.05,0.05,0.05,0.05
58,0.8529411764705883,0.5882352941176471,0.3823529411764706,0.35294117647058826,0.29411764705882354,0.29411764705882354,0.29411764705882354,0.29411764705882354,0.29411764705882354,0.29411764705882354,0.29411764705882354,0.29411764705882354,0.29411764705882354,0.29411764705882354,0.29411764705882354,0.29411764705882354,0.29411764705882354,0.29411764705882354,0.29411764705882354,0.29411764705882354,0.29411764705882354,0.29411764705882354,0.29411764705882354,0.29411764705882354,0.29411764705882354,0.29411764705882354,0.29411764705882354,0.29411764705882354,0.29411764705882354,0.29411764705882354,0.29411764705882354,0.29411764705882354,0.29411764705882354,0.29411764705882354,0.29411764705882354,0.29411764705882354,0.29411764705882354,0.29411764705882354,0.29411764705882354,0.29411764705882354,0.29411764705882354,0.29411764705882354,0.29411764705882354,0.29411764705882354,0.29411764705882354,0.29411764705882354,0.29411764705882354,0.29411764705882354,0.29411764705882354,0.29411764705882354,0.29411764705882354,0.29411764705882354,0.29411764705882354,0.29411764705882354,0.29411764705882354,0.29411764705882354,0.29411764705882354,0.29411764705882354,0.29411764705882354,0.29411764705882354,0.29411764705882354,0.29411764705882354,0.29411764705882354,0.29411764705882354
59,0.9420289855072463,0.6956521739130435,0.6159420289855072,0.5652173913043478,0.4855072463768116,0.47826086956521735,0.47826086956521735,0.47826086956521735,0.47826086956521735,0.47826086956521735,0.47826086956521735,0.47101449275362317,0.47101449275362317,0.47101449275362317,0.47101449275362317,0.47101449275362317,0.47101449275362317,0.47101449275362317,0.47101449275362317,0.47101449275362317,0.47101449275362317,0.47101449275362317,0.47101449275362317,0.47101449275362317,0.47101449275362317,0.47101449275362317,0.47101449275362317,0.47101449275362317,0.47101449275362317,0.47101449275362317,0.47101449275362317,0.47101449275362317,0.47101449275362317,0.47101449275362317,0.47101449275362317,0.47101449275362317,0.47101449275362317,0.47101449275362317,0.47101449275362317,0.47101449275362317,0.47101449275362317,0.47101449275362317,0.47101449275362317,0.47101449275362317,0.47101449275362317,0.47101449275362317,0.47101449275362317,0.47101449275362317,0.47101449275362317,0.47101449275362317,0.47101449275362317,0.47101449275362317,0.47101449275362317,0.47101449275362317,0.47101449275362317,0.47101449275362317,0.47101449275362317,0.47101449275362317,0.47101449275362317,0.47101449275362317,0.47101449275362317,0.47101449275362317,0.47101449275362317,0.47101449275362317
60,1.2,0.7666666666666666,0.75,0.6166666666666667,0.6166666666666667,0.6166666666666667,0.6166666666666667,0.6,0.6,0.6,0.6,0.6,0.6,0.6,0.6,0.6,0.6,0.6,0.6,0.6,0.6,0.6,0.6,0.6,0.6,0.6,0.6,0.6,0.6,0.6,0.6,0.6,0.6,0.6,0.6,0.6,0.6,0.6,0.6,0.6,0.6,0.6,0.6,0.6,0.6,0.6,0.6,0.6,0.6,0.6,0.6,0.6,0.6,0.6,0.6,0.6,0.6,0.6,0.6,0.6,0.6,0.6,0.6,0.6
61,1.25,0.75,0.625,0.625,0.625,0.625,0.625,0.625,0.625,0.625,0.625,0.625,0.625,0.625,0.625,0.625,0.625,0.625,0.625,0.625,0.625,0.625,0.625,0.625,0.625,0.625,0.625,0.625,0.625,0.625,0.625,0.625,0.625,0.625,0.625,0.625,0.625,0.625,0.625,0.625,0.625,0.625,0.625,0.625,0.625,0.625,0.625,0.625,0.625,0.625,0.625,0.625,0.625,0.625,0.625,0.625,0.625,0.625,0.625,0.625,0.625,0.625,0.625,0.625
62,0.7666666666666666,0.3333333333333333,0.31666666666666665,0.18333333333333332,0.18333333333333332,0.18333333333333332,0.18333333333333332,0.16666666666666666,0.16666666666666666,0.16666666666666666,0.16666666666666666,0.16666666666666666,0.16666666666666666,0.16666666666666666,0.16666666666666666,0.16666666666666666,0.16666666666666666,0.16666666666666666,0.16666666666666666,0.16666666666666666,0.16666666666666666,0.16666666666666666,0.16666666666666666,0.16666666666666666,0.16666666666666666,0.16666666666666666,0.16666666666666666,0.16666666666666666,0.16666666666666666,0.16666666666666666,0.16666666666666666,0.16666666666666666,0.16666666666666666,0.16666666666666666,0.16666666666666666,0.16666666666666666,0.16666666666666666,0.16666666666666666,0.16666666666666666,0.16666666666666666,0.16666666666666666,0.16666666666666666,0.16666666666666666,0.16666666666666666,0.16666666666666666,0.16666666666666666,0.16666666666666666,0.16666666666666666,0.16666666666666666,0.16666666666666666,0.16666666666666666,0.16666666666666666,0.16666666666666666,0.16666666666666666,0.16666666666666666,0.16666666666666666,0.16666666666666666,0.16666666666666666,0.16666666666666666,0.16666666666666666,0.16666666666666666,0.16666666666666666,0.16666666666666666,0.16666666666666666
63,0.0,0.0,0.0,0.0,0.0,0.0,0.0,0.0,0.0,0.0,0.0,0.0,0.0,0.0,0.0,0.0,0.0,0.0,0.0,0.0,0.0,0.0,0.0,0.0,0.0,0.0,0.0,0.0,0.0,0.0,0.0,0.0,0.0,0.0,0.0,0.0,0.0,0.0,0.0,0.0,0.0,0.0,0.0,0.0,0.0,0.0,0.0,0.0,0.0,0.0,0.0,0.0,0.0,0.0,0.0,0.0,0.0,0.0,0.0,0.0,0.0,0.0,0.0,0.0
