1,0.0,0.0,0.0,0.0,0.0,0.0,0.0,0.0,0.0,0.0,0.0,0.0,0.0,0.0,0.0,0.0,0.0,0.0,0.0,0.0,0.0,0.0,0.0,0.0,0.0,0.0,0.0,0.0,0.0,0.0,0.0,0.0,0.0,0.0,0.0,0.0,0.0,0.0,0.0,0.0,0.0,0.0,0.0,0.0,0.0,0.0,0.0,0.0,0.0,0.0,0.0,0.0,0.0,0.0,0.0,0.0,0.0,0.0,0.0,0.0,0.0,0.0,0.0,0.0
2,2.0,1.0,1.0,1.0,1.0,1.0,1.0,1.0,1.0,1.0,1.0,1.0,1.0,1.0,1.0,1.0,1.0,1.0,1.0,1.0,1.0,1.0,1.0,1.0,1.0,1.0,1.0,1.0,1.0,1.0,1.0,1.0,1.0,1.0,1.0,1.0,1.0,1.0,1.0,1.0,1.0,1.0,1.0,1.0,1.0,1.0,1.0,1.0,1.0,1.0,1.0,1.0,1.0,1.0,1.0,1.0,1.0,1.0,1.0,1.0,1.0,1.0,1.0,1.0
3,0.5692307692307692,0.4307692307692308,0.03076923076923077,0.023076923076923078,0.019230769230769232,0.019230769230769232,0.015384615384615385,0.015384615384615385,0.015384615384615385,0.015384615384615385,0.015384615384615385,0.015384615384615385,0.015384615384615385,0.015384615384615385,0.015384615384615385,0.015384615384615385,0.015384615384615385,0.015384615384615385,0.015384615384615385,0.015384615384615385,0.015384615384615385,0.015384615384615385,0.015384615384615385,0.015384615384615385,0.015384615384615385,0.015384615384615385,0.015384615384615385,0.015384615384615385,0.015384615384615385,0.015384615384615385,0.015384615384615385,0.015384615384615385,0.015384615384615385,0.015384615384615385,0.015384615384615385,0.015384615384615385,0.015384615384615385,0.015384615384615385,0.015384615384615385,0.015384615384615385,0.015384615384615385,0.015384615384615385,0.015384615384615385,0.015384615384615385,0.015384615384615385,0.015384615384615385,0.015384615384615385,0.015384615384615385,0.015384615384615385,0.015384615384615385,0.015384615384615385,0.015384615384615385,0.015384615384615385,0.015384615384615385,0.015384615384615385,0.015384615384615385,0.015384615384615385,0.015384615384615385,0.015384615384615385,0.015384615384615385,0.015384615384615385,0.015384615384615385,0.015384615384615385,0.015384615384615385
4,2.0,1.0,1.0,1.0,1.0,1.0,1.0,1.0,1.0,1.0,1.0,1.0,1.0,1.0,1.0,1.0,1.0,1.0,1.0,1.0,1.0,1.0,1.0,1.0,1.0,1.0,1.0,1.0,1.0,1.0,1.0,1.0,1.0,1.0,1.0,1.0,1.0,1.0,1.0,1.0,1.0,1.0,1.0,1.0,1.0,1.0,1.0,1.0,1.0,1.0,1.0,1.0,1.0,1.0,1.0,1.0,1.0,1.0,1.0,1.0,1.0,1.0,1.0,1.0
5,0.0,0.0,0.0,0.0,0.0,0.0,0.0,0.0,0.0,0.0,0.0,0.0,0.0,0.0,0.0,0.0,0.0,0.0,0.0,0.0,0.0,0.0,0.0,0.0,0.0,0.0,0.0,0.0,0.0,0.0,0.0,0.0,0.0,0.0,0.0,0.0,0.0,0.0,0.0,0.0,0.0,0.0,0.0,0.0,0.0,0.0,0.0,0.0,0.0,0.0,0.0,0.0,0.0,0.0,0.0,0.0,0.0,0.0,0.0,0.0,0.0,0.0,0.0,0.0
6,2.0,1.0,1.0,1.0,1.0,1.0,1.0,1.0,1.0,1.0,1.0,1.0,1.0,1.0,1.0,1.0,1.0,1.0,1.0,1.0,1.0,1.0,1.0,1.0,1.0,1.0,1.0,1.0,1.0,1.0,1.0,1.0,1.0,1.0,1.0,1.0,1.0,1.0,1.0,1.0,1.0,1.0,1.0,1.0,1.0,1.0,1.0,1.0,1.0,1.0,1.0,1.0,1.0,1.0,1.0,1.0,1.0,1.0,1.0,1.0,1.0,1.0,1.0,1.0
7,0.0,0.0,0.0,0.0,0.0,0.0,0.0,0.0,0.0,0.0,0.0,0.0,0.0,0.0,0.0,0.0,0.0,0.0,0.0,0.0,0.0,0.0,0.0,0.0,0.0,0.0,0.0,0.0,0.0,0.0,0.0,0.0,0.0,0.0,0.0,0.0,0.0,0.0,0.0,0.0,0.0,0.0,0.0,0.0,0.0,0.0,0.0,0.0,0.0,0.0,0.0,0.0,0.0,0.0,0.0,0.0,0.0,0.0,0.0,0.0,0.0,0.0,0.0,0.0
8,0.5102040816326531,0.4829931972789116,0.027210884353741496,0.02040816326530612,0.017006802721088433,0.017006802721088433,0.017006802721088433,0.017006802721088433,0.013605442176870748,0.013605442176870748,0.013605442176870748,0.013605442176870748,0.013605442176870748,0.013605442176870748,0.013605442176870748,0.013605442176870748,0.013605442176870748,0.013605442176870748,0.013605442176870748,0.013605442176870748,0.013605442176870748,0.013605442176870748,0.013605442176870748,0.013605442176870748,0.013605442176870748,0.013605442176870748,0.013605442176870748,0.013605442176870748,0.013605442176870748,0.013605442176870748,0.013605442176870748,0.013605442176870748,0.013605442176870748,0.013605442176870748,0.013605442176870748,0.013605442176870748,0.013605442176870748,0.013605442176870748,0.013605442176870748,0.013605442176870748,0.013605442176870748,0.013605442176870748,0.013605442176870748,0.013605442176870748,0.013605442176870748,0.013605442176870748,0.013605442176870748,0.013605442176870748,0.013605442176870748,0.013605442176870748,0.013605442176870748,0.013605442176870748,0.013605442176870748,0.013605442176870748,0.013605442176870748,0.013605442176870748,0.013605442176870748,0.013605442176870748,0.013605442176870748,0.013605442176870748,0.013605442176870748,0.013605442176870748,0.013605442176870748,0.013605442176870748
9,1.6,0.8,0.8,0.8,0.8,0.8,0.8,0.8,0.8,0.8,0.8,0.8,0.8,0.8,0.8,0.8,0.8,0.8,0.8,0.8,0.8,0.8,0.8,0.8,0.8,0.8,0.8,0.8,0.8,0.8,0.8,0.8,0.8,0.8,0.8,0.8,0.8,0.8,0.8,0.8,0.8,0.8,0.8,0.8,0.8,0.8,0.8,0.8,0.8,0.8,0.8,0.8,0.8,0.8,0.8,0.8,0.8,0.8,0.8,0.8,0.8,0.8,0.8,0.8
10,0.8189655172413793,0.4827586206896552,0.39655172413793105,0.25862068965517243,0.25,0.2413793103448276,0.2413793103448276,0.2413793103448276,0.2413793103448276,0.2413793103448276,0.2413793103448276,0.2413793103448276,0.2413793103448276,0.2413793103448276,0.2413793103448276,0.2413793103448276,0.2413793103448276,0.2413793103448276,0.2413793103448276,0.2413793103448276,0.2413793103448276,0.2413793103448276,0.2413793103448276,0.2413793103448276,0.2413793103448276,0.2413793103448276,0.2413793103448276,0.2413793103448276,0.2413793103448276,0.2413793103448276,0.2413793103448276,0.2413793103448276,0.2413793103448276,0.2413793103448276,0.2413793103448276,0.2413793103448276,0.2413793103448276,0.2413793103448276,0.2413793103448276,0.2413793103448276,0.2413793103448276,0.2413793103448276,0.2413793103448276,0.2413793103448276,0.2413793103448276,0.2413793103448276,0.2413793103448276,0.2413793103448276,0.2413793103448276,0.2413793103448276,0.2413793103448276,0.2413793103448276,0.2413793103448276,0.2413793103448276,0.2413793103448276,0.2413793103448276,0.2413793103448276,0.2413793103448276,0.2413793103448276,0.2413793103448276,0.2413793103448276,0.2413793103448276,0.2413793103448276,0.2413793103448276
11,0.7264150943396226,0.26257861635220126,0.09119496855345913,0.0880503144654088,0.04716981132075471,0.04716981132075471,0.04559748427672956,0.0440251572327044,0.0440251572327044,0.0440251572327044,0.0440251572327044,0.0440251572327044,0.0440251572327044,0.0440251572327044,0.0440251572327044,0.0440251572327044,0.0440251572327044,0.0440251572327044,0.0440251572327044,0.0440251572327044,0.0440251572327044,0.0440251572327044,0.0440251572327044,0.0440251572327044,0.0440251572327044,0.0440251572327044,0.0440251572327044,0.0440251572327044,0.0440251572327044,0.0440251572327044,0.0440251572327044,0.0440251572327044,0.0440251572327044,0.0440251572327044,0.0440251572327044,0.0440251572327044,0.0440251572327044,0.0440251572327044,0.0440251572327044,0.0440251572327044,0.0440251572327044,0.0440251572327044,0.0440251572327044,0.0440251572327044,0.0440251572327044,0.0440251572327044,0.0440251572327044,0.0440251572327044,0.0440251572327044,0.0440251572327044,0.0440251572327044,0.0440251572327044,0.0440251572327044,0.0440251572327044,0.0440251572327044,0.0440251572327044,0.0440251572327044,0.0440251572327044,0.0440251572327044,0.0440251572327044,0.0440251572327044,0.0440251572327044,0.0440251572327044,0.0440251572327044
12,0.9807692307692308,0.6153846153846154,0.3269230769230769,0.3076923076923077,0.3076923076923077,0.3076923076923077,0.3076923076923077,0.3076923076923077,0.3076923076923077,0.3076923076923077,0.3076923076923077,0.3076923076923077,0.3076923076923077,0.3076923076923077,0.3076923076923077,0.3076923076923077,0.3076923076923077,0.3076923076923077,0.3076923076923077,0.3076923076923077,0.3076923076923077,0.3076923076923077,0.3076923076923077,0.3076923076923077,0.3076923076923077,0.3076923076923077,0.3076923076923077,0.3076923076923077,0.3076923076923077,0.3076923076923077,0.3076923076923077,0.3076923076923077,0.3076923076923077,0.3076923076923077,0.3076923076923077,0.3076923076923077,0.3076923076923077,0.3076923076923077,0.3076923076923077,0.3076923076923077,0.3076923076923077,0.3076923076923077,0.3076923076923077,0.3076923076923077,0.3076923076923077,0.3076923076923077,0.3076923076923077,0.3076923076923077,0.3076923076923077,0.3076923076923077,0.3076923076923077,0.3076923076923077,0.3076923076923077,0.3076923076923077,0.3076923076923077,0.3076923076923077,0.3076923076923077,0.3076923076923077,0.3076923076923077,0.3076923076923077,0.3076923076923077,0.3076923076923077,0.3076923076923077,0.3076923076923077
13,0.0,0.0,0.0,0.0,0.0,0.0,0.0,0.0,0.0,0.0,0.0,0.0,0.0,0.0,0.0,0.0,0.0,0.0,0.0,0.0,0.0,0.0,0.0,0.0,0.0,0.0,0.0,0.0,0.0,0.0,0.0,0.0,0.0,0.0,0.0,0.0,0.0,0.0,0.0,0.0,0.0,0.0,0.0,0.0,0.0,0.0,0.0,0.0,0.0,0.0,0.0,0.0,0.0,0.0,0.0,0.0,0.0,0.0,0.0,0.0,0.0,0.0,0.0,0.0
14,0.9047619047619047,0.14285714285714285,0.09523809523809523,0.047619047619047616,0.047619047619047616,0.047619047619047616,0.047619047619047616,0.047619047619047616,0.047619047619047616,0.047619047619047616,0.047619047619047616,0.047619047619047616,0.047619047619047616,0.047619047619047616,0.047619047619047616,0.047619047619047616,0.047619047619047616,0.047619047619047616,0.047619047619047616,0.047619047619047616,0.047619047619047616,0.047619047619047616,0.047619047619047616,0.047619047619047616,0.047619047619047616,0.047619047619047616,0.047619047619047616,0.047619047619047616,0.047619047619047616,0.047619047619047616,0.047619047619047616,0.047619047619047616,0.047619047619047616,0.047619047619047616,0.047619047619047616,0.047619047619047616,0.047619047619047616,0.047619047619047616,0.047619047619047616,0.047619047619047616,0.047619047619047616,0.047619047619047616,0.047619047619047616,0.047619047619047616,0.047619047619047616,0.047619047619047616,0.047619047619047616,0.047619047619047616,0.047619047619047616,0.047619047619047616,0.047619047619047616,0.047619047619047616,0.047619047619047616,0.047619047619047616,0.047619047619047616,0.047619047619047616,0.047619047619047616,0.047619047619047616,0.047619047619047616,0.047619047619047616,0.047619047619047616,0.047619047619047616,0.047619047619047616,0.047619047619047616
15,0.7954545454545455,0.4090909090909091,0.25,0.25,0.25,0.2272727272727273,0.2272727272727273,0.2272727272727273,0.20454545454545456,0.20454545454545456,0.20454545454545456,0.20454545454545456,0.20454545454545456,0.20454545454545456,0.20454545454545456,0.20454545454545456,0.20454545454545456,0.20454545454545456,0.20454545454545456,0.20454545454545456,0.20454545454545456,0.20454545454545456,0.20454545454545456,0.20454545454545456,0.20454545454545456,0.20454545454545456,0.20454545454545456,0.20454545454545456,0.20454545454545456,0.20454545454545456,0.20454545454545456,0.20454545454545456,0.20454545454545456,0.20454545454545456,0.20454545454545456,0.20454545454545456,0.20454545454545456,0.20454545454545456,0.20454545454545456,0.20454545454545456,0.20454545454545456,0.20454545454545456,0.20454545454545456,0.20454545454545456,0.20454545454545456,0.20454545454545456,0.20454545454545456,0.20454545454545456,0.20454545454545456,0.20454545454545456,0.20454545454545456,0.20454545454545456,0.20454545454545456,0.20454545454545456,0.20454545454545456,0.20454545454545456,0.20454545454545456,0.20454545454545456,0.20454545454545456,0.20454545454545456,0.20454545454545456,0.20454545454545456,0.20454545454545456,0.20454545454545456
17,2.0,1.0,1.0,1.0,1.0,1.0,1.0,1.0,1.0,1.0,1.0,1.0,1.0,1.0,1.0,1.0,1.0,1.0,1.0,1.0,1.0,1.0,1.0,1.0,1.0,1.0,1.0,1.0,1.0,1.0,1.0,1.0,1.0,1.0,1.0,1.0,1.0,1.0,1.0,1.0,1.0,1.0,1.0,1.0,1.0,1.0,1.0,1.0,1.0,1.0,1.0,1.0,1.0,1.0,1.0,1.0,1.0,1.0,1.0,1.0,1.0,1.0,1.0,1.0
18,0.9189189189189189,0.35135135135135137,0.21621621621621623,0.1891891891891892,0.18243243243243246,0.18243243243243246,0.18243243243243246,0.18243243243243246,0.17567567567567569,0.17567567567567569,0.17567567567567569,0.17567567567567569,0.17567567567567569,0.17567567567567569,0.17567567567567569,0.17567567567567569,0.17567567567567569,0.17567567567567569,0.17567567567567569,0.17567567567567569,0.17567567567567569,0.17567567567567569,0.17567567567567569,0.17567567567567569,0.17567567567567569,0.17567567567567569,0.17567567567567569,0.17567567567567569,0.17567567567567569,0.17567567567567569,0.17567567567567569,0.17567567567567569,0.17567567567567569,0.17567567567567569,0.17567567567567569,0.17567567567567569,0.17567567567567569,0.17567567567567569,0.17567567567567569,0.17567567567567569,0.17567567567567569,0.17567567567567569,0.17567567567567569,0.17567567567567569,0.17567567567567569,0.17567567567567569,0.17567567567567569,0.17567567567567569,0.17567567567567569,0.17567567567567569,0.17567567567567569,0.17567567567567569,0.17567567567567569,0.17567567567567569,0.17567567567567569,0.17567567567567569,0.17567567567567569,0.17567567567567569,0.17567567567567569,0.17567567567567569,0.17567567567567569,0.17567567567567569,0.17567567567567569,0.17567567567567569
19,0.9423076923076923,0.6153846153846154,0.34615384615384615,0.3269230769230769,0.3076923076923077,0.3076923076923077,0.3076923076923077,0.3076923076923077,0.3076923076923077,0.3076923076923077,0.3076923076923077,0.3076923076923077,0.3076923076923077,0.3076923076923077,0.3076923076923077,0.3076923076923077,0.3076923076923077,0.3076923076923077,0.3076923076923077,0.3076923076923077,0.3076923076923077,0.3076923076923077,0.3076923076923077,0.3076923076923077,0.3076923076923077,0.3076923076923077,0.3076923076923077,0.3076923076923077,0.3076923076923077,0.3076923076923077,0.3076923076923077,0.3076923076923077,0.3076923076923077,0.3076923076923077,0.3076923076923077,0.3076923076923077,0.3076923076923077,0.3076923076923077,0.3076923076923077,0.3076923076923077,0.3076923076923077,0.3076923076923077,0.3076923076923077,0.3076923076923077,0.3076923076923077,0.3076923076923077,0.3076923076923077,0.3076923076923077,0.3076923076923077,0.3076923076923077,0.3076923076923077,0.3076923076923077,0.3076923076923077,0.3076923076923077,0.3076923076923077,0.3076923076923077,0.3076923076923077,0.3076923076923077,0.3076923076923077,0.3076923076923077,0.3076923076923077,0.3076923076923077,0.3076923076923077,0.3076923076923077
20,1.0,0.6153846153846154,0.3076923076923077,0.3076923076923077,0.3076923076923077,0.3076923076923077,0.3076923076923077,0.3076923076923077,0.3076923076923077,0.3076923076923077,0.3076923076923077,0.3076923076923077,0.3076923076923077,0.3076923076923077,0.3076923076923077,0.3076923076923077,0.3076923076923077,0.3076923076923077,0.3076923076923077,0.3076923076923077,0.3076923076923077,0.3076923076923077,0.3076923076923077,0.3076923076923077,0.3076923076923077,0.3076923076923077,0.3076923076923077,0.3076923076923077,0.3076923076923077,0.3076923076923077,0.3076923076923077,0.3076923076923077,0.3076923076923077,0.3076923076923077,0.3076923076923077,0.3076923076923077,0.3076923076923077,0.3076923076923077,0.3076923076923077,0.3076923076923077,0.3076923076923077,0.3076923076923077,0.3076923076923077,0.3076923076923077,0.3076923076923077,0.3076923076923077,0.3076923076923077,0.3076923076923077,0.3076923076923077,0.3076923076923077,0.3076923076923077,0.3076923076923077,0.3076923076923077,0.3076923076923077,0.3076923076923077,0.3076923076923077,0.3076923076923077,0.3076923076923077,0.3076923076923077,0.3076923076923077,0.3076923076923077,0.3076923076923077,0.3076923076923077,0.3076923076923077
21,0.9294117647058824,0.18823529411764706,0.10588235294117647,0.1,0.1,0.09411764705882353,0.09411764705882353,0.09411764705882353,0.09411764705882353,0.09411764705882353,0.09411764705882353,0.09411764705882353,0.09411764705882353,0.09411764705882353,0.09411764705882353,0.09411764705882353,0.09411764705882353,0.09411764705882353,0.09411764705882353,0.09411764705882353,0.09411764705882353,0.09411764705882353,0.09411764705882353,0.09411764705882353,0.09411764705882353,0.09411764705882353,0.09411764705882353,0.09411764705882353,0.09411764705882353,0.09411764705882353,0.09411764705882353,0.09411764705882353,0.09411764705882353,0.09411764705882353,0.09411764705882353,0.09411764705882353,0.09411764705882353,0.09411764705882353,0.09411764705882353,0.09411764705882353,0.09411764705882353,0.09411764705882353,0.09411764705882353,0.09411764705882353,0.09411764705882353,0.09411764705882353,0.09411764705882353,0.09411764705882353,0.09411764705882353,0.09411764705882353,0.09411764705882353,0.09411764705882353,0.09411764705882353,0.09411764705882353,0.09411764705882353,0.09411764705882353,0.09411764705882353,0.09411764705882353,0.09411764705882353,0.09411764705882353,0.09411764705882353,0.09411764705882353,0.09411764705882353,0.09411764705882353
22,0.9857142857142857,0.12857142857142856,0.07142857142857142,0.07142857142857142,0.06428571428571428,0.06428571428571428,0.06428571428571428,0.06428571428571428,0.06428571428571428,0.06428571428571428,0.06428571428571428,0.06428571428571428,0.06428571428571428,0.06428571428571428,0.06428571428571428,0.06428571428571428,0.06428571428571428,0.06428571428571428,0.06428571428571428,0.06428571428571428,0.06428571428571428,0.06428571428571428,0.06428571428571428,0.06428571428571428,0.06428571428571428,0.06428571428571428,0.06428571428571428,0.06428571428571428,0.06428571428571428,0.06428571428571428,0.06428571428571428,0.06428571428571428,0.06428571428571428,0.06428571428571428,0.06428571428571428,0.06428571428571428,0.06428571428571428,0.06428571428571428,0.06428571428571428,0.06428571428571428,0.06428571428571428,0.06428571428571428,0.06428571428571428,0.06428571428571428,0.06428571428571428,0.06428571428571428,0.06428571428571428,0.06428571428571428,0.06428571428571428,0.06428571428571428,0.06428571428571428,0.06428571428571428,0.06428571428571428,0.06428571428571428,0.06428571428571428,0.06428571428571428,0.06428571428571428,0.06428571428571428,0.06428571428571428,0.06428571428571428,0.06428571428571428,0.06428571428571428,0.06428571428571428,0.06428571428571428
23,0.5948275862068964,0.2586206896551722,0.17241379310344807,0.03448275862068943,0.02586206896551702,0.017241379310344605,0.017241379310344605,0.017241379310344605,0.017241379310344605,0.017241379310344605,0.017241379310344605,0.017241379310344605,0.017241379310344605,0.017241379310344605,0.017241379310344605,0.017241379310344605,0.017241379310344605,0.017241379310344605,0.017241379310344605,0.017241379310344605,0.017241379310344605,0.017241379310344605,0.017241379310344605,0.017241379310344605,0.017241379310344605,0.017241379310344605,0.017241379310344605,0.017241379310344605,0.017241379310344605,0.017241379310344605,0.017241379310344605,0.017241379310344605,0.017241379310344605,0.017241379310344605,0.017241379310344605,0.017241379310344605,0.017241379310344605,0.017241379310344605,0.017241379310344605,0.017241379310344605,0.017241379310344605,0.017241379310344605,0.017241379310344605,0.017241379310344605,0.017241379310344605,0.017241379310344605,0.017241379310344605,0.017241379310344605,0.017241379310344605,0.017241379310344605,0.017241379310344605,0.017241379310344605,0.017241379310344605,0.017241379310344605,0.017241379310344605,0.017241379310344605,0.017241379310344605,0.017241379310344605,0.017241379310344605,0.017241379310344605,0.017241379310344605,0.017241379310344605,0.017241379310344605,0.017241379310344605
24,0.0,0.0,0.0,0.0,0.0,0.0,0.0,0.0,0.0,0.0,0.0,0.0,0.0,0.0,0.0,0.0,0.0,0.0,0.0,0.0,0.0,0.0,0.0,0.0,0.0,0.0,0.0,0.0,0.0,0.0,0.0,0.0,0.0,0.0,0.0,0.0,0.0,0.0,0.0,0.0,0.0,0.0,0.0,0.0,0.0,0.0,0.0,0.0,0.0,0.0,0.0,0.0,0.0,0.0,0.0,0.0,0.0,0.0,0.0,0.0,0.0,0.0,0.0,0.0
25,0.8,0.4,0.4,0.4,0.4,0.4,0.4,0.4,0.4,0.4,0.4,0.4,0.4,0.4,0.4,0.4,0.4,0.4,0.4,0.4,0.4,0.4,0.4,0.4,0.4,0.4,0.4,0.4,0.4,0.4,0.4,0.4,0.4,0.4,0.4,0.4,0.4,0.4,0.4,0.4,0.4,0.4,0.4,0.4,0.4,0.4,0.4,0.4,0.4,0.4,0.4,0.4,0.4,0.4,0.4,0.4,0.4,0.4,0.4,0.4,0.4,0.4,0.4,0.4
26,1.1818181818181819,0.7954545454545455,0.6363636363636364,0.6363636363636364,0.6363636363636364,0.6136363636363636,0.6136363636363636,0.6136363636363636,0.5909090909090909,0.5909090909090909,0.5909090909090909,0.5909090909090909,0.5909090909090909,0.5909090909090909,0.5909090909090909,0.5909090909090909,0.5909090909090909,0.5909090909090909,0.5909090909090909,0.5909090909090909,0.5909090909090909,0.5909090909090909,0.5909090909090909,0.5909090909090909,0.5909090909090909,0.5909090909090909,0.5909090909090909,0.5909090909090909,0.5909090909090909,0.5909090909090909,0.5909090909090909,0.5909090909090909,0.5909090909090909,0.5909090909090909,0.5909090909090909,0.5909090909090909,0.5909090909090909,0.5909090909090909,0.5909090909090909,0.5909090909090909,0.5909090909090909,0.5909090909090909,0.5909090909090909,0.5909090909090909,0.5909090909090909,0.5909090909090909,0.5909090909090909,0.5909090909090909,0.5909090909090909,0.5909090909090909,0.5909090909090909,0.5909090909090909,0.5909090909090909,0.5909090909090909,0.5909090909090909,0.5909090909090909,0.5909090909090909,0.5909090909090909,0.5909090909090909,0.5909090909090909,0.5909090909090909,0.5909090909090909,0.5909090909090909,0.5909090909090909
27,0.7295597484276729,0.26572327044025157,0.09433962264150944,0.09119496855345913,0.050314465408805034,0.050314465408805034,0.04874213836477988,0.04716981132075472,0.04716981132075472,0.04716981132075472,0.04716981132075472,0.04716981132075472,0.04716981132075472,0.04716981132075472,0.04716981132075472,0.04716981132075472,0.04716981132075472,0.04716981132075472,0.04716981132075472,0.04716981132075472,0.04716981132075472,0.04716981132075472,0.04716981132075472,0.04716981132075472,0.04716981132075472,0.04716981132075472,0.04716981132075472,0.04716981132075472,0.04716981132075472,0.04716981132075472,0.04716981132075472,0.04716981132075472,0.04716981132075472,0.04716981132075472,0.04716981132075472,0.04716981132075472,0.04716981132075472,0.04716981132075472,0.04716981132075472,0.04716981132075472,0.04716981132075472,0.04716981132075472,0.04716981132075472,0.04716981132075472,0.04716981132075472,0.04716981132075472,0.04716981132075472,0.04716981132075472,0.04716981132075472,0.04716981132075472,0.04716981132075472,0.04716981132075472,0.04716981132075472,0.04716981132075472,0.04716981132075472,0.04716981132075472,0.04716981132075472,0.04716981132075472,0.04716981132075472,0.04716981132075472,0.04716981132075472,0.04716981132075472,0.04716981132075472,0.04716981132075472
28,0.7883211678832117,0.3613138686131387,0.35036496350364965,0.18248175182481752,0.18248175182481752,0.17883211678832117,0.17883211678832117,0.17883211678832117,0.17518248175182483,0.17518248175182483,0.17518248175182483,0.17518248175182483,0.17518248175182483,0.17518248175182483,0.17518248175182483,0.17518248175182483,0.17518248175182483,0.17518248175182483,0.17518248175182483,0.17518248175182483,0.17518248175182483,0.17518248175182483,0.17518248175182483,0.17518248175182483,0.17518248175182483,0.17518248175182483,0.17518248175182483,0.17518248175182483,0.17518248175182483,0.17518248175182483,0.17518248175182483,0.17518248175182483,0.17518248175182483,0.17518248175182483,0.17518248175182483,0.17518248175182483,0.17518248175182483,0.17518248175182483,0.17518248175182483,0.17518248175182483,0.17518248175182483,0.17518248175182483,0.17518248175182483,0.17518248175182483,0.17518248175182483,0.17518248175182483,0.17518248175182483,0.17518248175182483,0.17518248175182483,0.17518248175182483,0.17518248175182483,0.17518248175182483,0.17518248175182483,0.17518248175182483,0.17518248175182483,0.17518248175182483,0.17518248175182483,0.17518248175182483,0.17518248175182483,0.17518248175182483,0.17518248175182483,0.17518248175182483,0.17518248175182483,0.17518248175182483
29,0.7992700729927007,0.3722627737226277,0.3613138686131387,0.19343065693430656,0.19343065693430656,0.1897810218978102,0.1897810218978102,0.1897810218978102,0.18613138686131386,0.18613138686131386,0.18613138686131386,0.18613138686131386,0.18613138686131386,0.18613138686131386,0.18613138686131386,0.18613138686131386,0.18613138686131386,0.18613138686131386,0.18613138686131386,0.18613138686131386,0.18613138686131386,0.18613138686131386,0.18613138686131386,0.18613138686131386,0.18613138686131386,0.18613138686131386,0.18613138686131386,0.18613138686131386,0.18613138686131386,0.18613138686131386,0.18613138686131386,0.18613138686131386,0.18613138686131386,0.18613138686131386,0.18613138686131386,0.18613138686131386,0.18613138686131386,0.18613138686131386,0.18613138686131386,0.18613138686131386,0.18613138686131386,0.18613138686131386,0.18613138686131386,0.18613138686131386,0.18613138686131386,0.18613138686131386,0.18613138686131386,0.18613138686131386,0.18613138686131386,0.18613138686131386,0.18613138686131386,0.18613138686131386,0.18613138686131386,0.18613138686131386,0.18613138686131386,0.18613138686131386,0.18613138686131386,0.18613138686131386,0.18613138686131386,0.18613138686131386,0.18613138686131386,0.18613138686131386,0.18613138686131386,0.18613138686131386
30,1.2262773722627738,0.7992700729927007,0.7883211678832117,0.6204379562043796,0.6204379562043796,0.6167883211678833,0.6167883211678833,0.6167883211678833,0.6131386861313869,0.6131386861313869,0.6131386861313869,0.6131386861313869,0.6131386861313869,0.6131386861313869,0.6131386861313869,0.6131386861313869,0.6131386861313869,0.6131386861313869,0.6131386861313869,0.6131386861313869,0.6131386861313869,0.6131386861313869,0.6131386861313869,0.6131386861313869,0.6131386861313869,0.6131386861313869,0.6131386861313869,0.6131386861313869,0.6131386861313869,0.6131386861313869,0.6131386861313869,0.6131386861313869,0.6131386861313869,0.6131386861313869,0.6131386861313869,0.6131386861313869,0.6131386861313869,0.6131386861313869,0.6131386861313869,0.6131386861313869,0.6131386861313869,0.6131386861313869,0.6131386861313869,0.6131386861313869,0.6131386861313869,0.6131386861313869,0.6131386861313869,0.6131386861313869,0.6131386861313869,0.6131386861313869,0.6131386861313869,0.6131386861313869,0.6131386861313869,0.6131386861313869,0.6131386861313869,0.6131386861313869,0.6131386861313869,0.6131386861313869,0.6131386861313869,0.6131386861313869,0.6131386861313869,0.6131386861313869,0.6131386861313869,0.6131386861313869
31,0.6515151515151516,0.30303030303030304,0.09595959595959597,0.08080808080808081,0.05050505050505051,0.045454545454545456,0.045454545454545456,0.045454545454545456,0.045454545454545456,0.04040404040404041,0.04040404040404041,0.04040404040404041,0.04040404040404041,0.04040404040404041,0.04040404040404041,0.04040404040404041,0.04040404040404041,0.04040404040404041,0.04040404040404041,0.04040404040404041,0.04040404040404041,0.04040404040404041,0.04040404040404041,0.04040404040404041,0.04040404040404041,0.04040404040404041,0.04040404040404041,0.04040404040404041,0.04040404040404041,0.04040404040404041,0.04040404040404041,0.04040404040404041,0.04040404040404041,0.04040404040404041,0.04040404040404041,0.04040404040404041,0.04040404040404041,0.04040404040404041,0.04040404040404041,0.04040404040404041,0.04040404040404041,0.04040404040404041,0.04040404040404041,0.04040404040404041,0.04040404040404041,0.04040404040404041,0.04040404040404041,0.04040404040404041,0.04040404040404041,0.04040404040404041,0.04040404040404041,0.04040404040404041,0.04040404040404041,0.04040404040404041,0.04040404040404041,0.04040404040404041,0.04040404040404041,0.04040404040404041,0.04040404040404041,0.04040404040404041,0.04040404040404041,0.04040404040404041,0.04040404040404041,0.04040404040404041
33,1.9,0.975,0.975,0.95,0.95,0.95,0.95,0.95,0.95,0.95,0.95,0.95,0.95,0.95,0.95,0.95,0.95,0.95,0.95,0.95,0.95,0.95,0.95,0.95,0.95,0.95,0.95,0.95,0.95,0.95,0.95,0.95,0.95,0.95,0.95,0.95,0.95,0.95,0.95,0.95,0.95,0.95,0.95,0.95,0.95,0.95,0.95,0.95,0.95,0.95,0.95,0.95,0.95,0.95,0.95,0.95,0.95,0.95,0.95,0.95,0.95,0.95,0.95,0.95
34,0.9878048780487805,0.2,0.10487804878048781,0.10243902439024391,0.10243902439024391,0.10243902439024391,0.1,0.1,0.1,0.1,0.1,0.1,0.1,0.1,0.1,0.1,0.1,0.1,0.1,0.1,0.1,0.1,0.1,0.1,0.1,0.1,0.1,0.1,0.1,0.1,0.1,0.1,0.1,0.1,0.1,0.1,0.1,0.1,0.1,0.1,0.1,0.1,0.1,0.1,0.1,0.1,0.1,0.1,0.1,0.1,0.1,0.1,0.1,0.1,0.1,0.1,0.1,0.1,0.1,0.1,0.1,0.1,0.1,0.1
35,1.7603305785123966,0.9710743801652892,0.884297520661157,0.884297520661157,0.884297520661157,0.8801652892561983,0.8801652892561983,0.8801652892561983,0.8801652892561983,0.8801652892561983,0.8801652892561983,0.8801652892561983,0.8801652892561983,0.8801652892561983,0.8801652892561983,0.8801652892561983,0.8801652892561983,0.8801652892561983,0.8801652892561983,0.8801652892561983,0.8801652892561983,0.8801652892561983,0.8801652892561983,0.8801652892561983,0.8801652892561983,0.8801652892561983,0.8801652892561983,0.8801652892561983,0.8801652892561983,0.8801652892561983,0.8801652892561983,0.8801652892561983,0.8801652892561983,0.8801652892561983,0.8801652892561983,0.8801652892561983,0.8801652892561983,0.8801652892561983,0.8801652892561983,0.8801652892561983,0.8801652892561983,0.8801652892561983,0.8801652892561983,0.8801652892561983,0.8801652892561983,0.8801652892561983,0.8801652892561983,0.8801652892561983,0.8801652892561983,0.8801652892561983,0.8801652892561983,0.8801652892561983,0.8801652892561983,0.8801652892561983,0.8801652892561983,0.8801652892561983,0.8801652892561983,0.8801652892561983,0.8801652892561983,0.8801652892561983,0.8801652892561983,0.8801652892561983,0.8801652892561983,0.8801652892561983
36,1.4864864864864864,0.9189189189189189,0.7837837837837838,0.7567567567567567,0.75,0.75,0.75,0.75,0.7432432432432432,0.7432432432432432,0.7432432432432432,0.7432432432432432,0.7432432432432432,0.7432432432432432,0.7432432432432432,0.7432432432432432,0.7432432432432432,0.7432432432432432,0.7432432432432432,0.7432432432432432,0.7432432432432432,0.7432432432432432,0.7432432432432432,0.7432432432432432,0.7432432432432432,0.7432432432432432,0.7432432432432432,0.7432432432432432,0.7432432432432432,0.7432432432432432,0.7432432432432432,0.7432432432432432,0.7432432432432432,0.7432432432432432,0.7432432432432432,0.7432432432432432,0.7432432432432432,0.7432432432432432,0.7432432432432432,0.7432432432432432,0.7432432432432432,0.7432432432432432,0.7432432432432432,0.7432432432432432,0.7432432432432432,0.7432432432432432,0.7432432432432432,0.7432432432432432,0.7432432432432432,0.7432432432432432,0.7432432432432432,0.7432432432432432,0.7432432432432432,0.7432432432432432,0.7432432432432432,0.7432432432432432,0.7432432432432432,0.7432432432432432,0.7432432432432432,0.7432432432432432,0.7432432432432432,0.7432432432432432,0.7432432432432432,0.7432432432432432
37,1.6705882352941177,0.9294117647058824,0.8470588235294118,0.8411764705882353,0.8411764705882353,0.8352941176470589,0.8352941176470589,0.8352941176470589,0.8352941176470589,0.8352941176470589,0.8352941176470589,0.8352941176470589,0.8352941176470589,0.8352941176470589,0.8352941176470589,0.8352941176470589,0.8352941176470589,0.8352941176470589,0.8352941176470589,0.8352941176470589,0.8352941176470589,0.8352941176470589,0.8352941176470589,0.8352941176470589,0.8352941176470589,0.8352941176470589,0.8352941176470589,0.8352941176470589,0.8352941176470589,0.8352941176470589,0.8352941176470589,0.8352941176470589,0.8352941176470589,0.8352941176470589,0.8352941176470589,0.8352941176470589,0.8352941176470589,0.8352941176470589,0.8352941176470589,0.8352941176470589,0.8352941176470589,0.8352941176470589,0.8352941176470589,0.8352941176470589,0.8352941176470589,0.8352941176470589,0.8352941176470589,0.8352941176470589,0.8352941176470589,0.8352941176470589,0.8352941176470589,0.8352941176470589,0.8352941176470589,0.8352941176470589,0.8352941176470589,0.8352941176470589,0.8352941176470589,0.8352941176470589,0.8352941176470589,0.8352941176470589,0.8352941176470589,0.8352941176470589,0.8352941176470589,0.8352941176470589
38,1.3461538461538463,0.9807692307692308,0.6923076923076924,0.6730769230769231,0.6730769230769231,0.6730769230769231,0.6730769230769231,0.6730769230769231,0.6730769230769231,0.6730769230769231,0.6730769230769231,0.6730769230769231,0.6730769230769231,0.6730769230769231,0.6730769230769231,0.6730769230769231,0.6730769230769231,0.6730769230769231,0.6730769230769231,0.6730769230769231,0.6730769230769231,0.6730769230769231,0.6730769230769231,0.6730769230769231,0.6730769230769231,0.6730769230769231,0.6730769230769231,0.6730769230769231,0.6730769230769231,0.6730769230769231,0.6730769230769231,0.6730769230769231,0.6730769230769231,0.6730769230769231,0.6730769230769231,0.6730769230769231,0.6730769230769231,0.6730769230769231,0.6730769230769231,0.6730769230769231,0.6730769230769231,0.6730769230769231,0.6730769230769231,0.6730769230769231,0.6730769230769231,0.6730769230769231,0.6730769230769231,0.6730769230769231,0.6730769230769231,0.6730769230769231,0.6730769230769231,0.6730769230769231,0.6730769230769231,0.6730769230769231,0.6730769230769231,0.6730769230769231,0.6730769230769231,0.6730769230769231,0.6730769230769231,0.6730769230769231,0.6730769230769231,0.6730769230769231,0.6730769230769231,0.6730769230769231
39,0.7327586206896551,0.39655172413793105,0.3103448275862069,0.1724137931034483,0.16379310344827586,0.15517241379310345,0.15517241379310345,0.15517241379310345,0.15517241379310345,0.15517241379310345,0.15517241379310345,0.15517241379310345,0.15517241379310345,0.15517241379310345,0.15517241379310345,0.15517241379310345,0.15517241379310345,0.15517241379310345,0.15517241379310345,0.15517241379310345,0.15517241379310345,0.15517241379310345,0.15517241379310345,0.15517241379310345,0.15517241379310345,0.15517241379310345,0.15517241379310345,0.15517241379310345,0.15517241379310345,0.15517241379310345,0.15517241379310345,0.15517241379310345,0.15517241379310345,0.15517241379310345,0.15517241379310345,0.15517241379310345,0.15517241379310345,0.15517241379310345,0.15517241379310345,0.15517241379310345,0.15517241379310345,0.15517241379310345,0.15517241379310345,0.15517241379310345,0.15517241379310345,0.15517241379310345,0.15517241379310345,0.15517241379310345,0.15517241379310345,0.15517241379310345,0.15517241379310345,0.15517241379310345,0.15517241379310345,0.15517241379310345,0.15517241379310345,0.15517241379310345,0.15517241379310345,0.15517241379310345,0.15517241379310345,0.15517241379310345,0.15517241379310345,0.15517241379310345,0.15517241379310345,0.15517241379310345
40,2.0,1.0,1.0,1.0,1.0,1.0,1.0,1.0,1.0,1.0,1.0,1.0,1.0,1.0,1.0,1.0,1.0,1.0,1.0,1.0,1.0,1.0,1.0,1.0,1.0,1.0,1.0,1.0,1.0,1.0,1.0,1.0,1.0,1.0,1.0,1.0,1.0,1.0,1.0,1.0,1.0,1.0,1.0,1.0,1.0,1.0,1.0,1.0,1.0,1.0,1.0,1.0,1.0,1.0,1.0,1.0,1.0,1.0,1.0,1.0,1.0,1.0,1.0,1.0
41,0.9009433962264151,0.4371069182389937,0.26572327044025157,0.26257861635220126,0.22169811320754718,0.22169811320754718,0.22012578616352202,0.21855345911949686,0.21855345911949686,0.21855345911949686,0.21855345911949686,0.21855345911949686,0.21855345911949686,0.21855345911949686,0.21855345911949686,0.21855345911949686,0.21855345911949686,0.21855345911949686,0.21855345911949686,0.21855345911949686,0.21855345911949686,0.21855345911949686,0.21855345911949686,0.21855345911949686,0.21855345911949686,0.21855345911949686,0.21855345911949686,0.21855345911949686,0.21855345911949686,0.21855345911949686,0.21855345911949686,0.21855345911949686,0.21855345911949686,0.21855345911949686,0.21855345911949686,0.21855345911949686,0.21855345911949686,0.21855345911949686,0.21855345911949686,0.21855345911949686,0.21855345911949686,0.21855345911949686,0.21855345911949686,0.21855345911949686,0.21855345911949686,0.21855345911949686,0.21855345911949686,0.21855345911949686,0.21855345911949686,0.21855345911949686,0.21855345911949686,0.21855345911949686,0.21855345911949686,0.21855345911949686,0.21855345911949686,0.21855345911949686,0.21855345911949686,0.21855345911949686,0.21855345911949686,0.21855345911949686,0.21855345911949686,0.21855345911949686,0.21855345911949686,0.21855345911949686
42,0.8737373737373738,0.5252525252525253,0.31818181818181823,0.30303030303030304,0.27272727272727276,0.2676767676767677,0.2676767676767677,0.2676767676767677,0.2676767676767677,0.26262626262626265,0.26262626262626265,0.26262626262626265,0.26262626262626265,0.26262626262626265,0.26262626262626265,0.26262626262626265,0.26262626262626265,0.26262626262626265,0.26262626262626265,0.26262626262626265,0.26262626262626265,0.26262626262626265,0.26262626262626265,0.26262626262626265,0.26262626262626265,0.26262626262626265,0.26262626262626265,0.26262626262626265,0.26262626262626265,0.26262626262626265,0.26262626262626265,0.26262626262626265,0.26262626262626265,0.26262626262626265,0.26262626262626265,0.26262626262626265,0.26262626262626265,0.26262626262626265,0.26262626262626265,0.26262626262626265,0.26262626262626265,0.26262626262626265,0.26262626262626265,0.26262626262626265,0.26262626262626265,0.26262626262626265,0.26262626262626265,0.26262626262626265,0.26262626262626265,0.26262626262626265,0.26262626262626265,0.26262626262626265,0.26262626262626265,0.26262626262626265,0.26262626262626265,0.26262626262626265,0.26262626262626265,0.26262626262626265,0.26262626262626265,0.26262626262626265,0.26262626262626265,0.26262626262626265,0.26262626262626265,0.26262626262626265
43,1.2222222222222223,0.8737373737373738,0.6666666666666667,0.6515151515151516,0.6212121212121212,0.6161616161616162,0.6161616161616162,0.6161616161616162,0.6161616161616162,0.6111111111111112,0.6111111111111112,0.6111111111111112,0.6111111111111112,0.6111111111111112,0.6111111111111112,0.6111111111111112,0.6111111111111112,0.6111111111111112,0.6111111111111112,0.6111111111111112,0.6111111111111112,0.6111111111111112,0.6111111111111112,0.6111111111111112,0.6111111111111112,0.6111111111111112,0.6111111111111112,0.6111111111111112,0.6111111111111112,0.6111111111111112,0.6111111111111112,0.6111111111111112,0.6111111111111112,0.6111111111111112,0.6111111111111112,0.6111111111111112,0.6111111111111112,0.6111111111111112,0.6111111111111112,0.6111111111111112,0.6111111111111112,0.6111111111111112,0.6111111111111112,0.6111111111111112,0.6111111111111112,0.6111111111111112,0.6111111111111112,0.6111111111111112,0.6111111111111112,0.6111111111111112,0.6111111111111112,0.6111111111111112,0.6111111111111112,0.6111111111111112,0.6111111111111112,0.6111111111111112,0.6111111111111112,0.6111111111111112,0.6111111111111112,0.6111111111111112,0.6111111111111112,0.6111111111111112,0.6111111111111112,0.6111111111111112
44,0.9931972789115646,0.9659863945578231,0.5102040816326531,0.5034013605442177,0.5,0.5,0.5,0.5,0.4965986394557823,0.4965986394557823,0.4965986394557823,0.4965986394557823,0.4965986394557823,0.4965986394557823,0.4965986394557823,0.4965986394557823,0.4965986394557823,0.4965986394557823,0.4965986394557823,0.4965986394557823,0.4965986394557823,0.4965986394557823,0.4965986394557823,0.4965986394557823,0.4965986394557823,0.4965986394557823,0.4965986394557823,0.4965986394557823,0.4965986394557823,0.4965986394557823,0.4965986394557823,0.4965986394557823,0.4965986394557823,0.4965986394557823,0.4965986394557823,0.4965986394557823,0.4965986394557823,0.4965986394557823,0.4965986394557823,0.4965986394557823,0.4965986394557823,0.4965986394557823,0.4965986394557823,0.4965986394557823,0.4965986394557823,0.4965986394557823,0.4965986394557823,0.4965986394557823,0.4965986394557823,0.4965986394557823,0.4965986394557823,0.4965986394557823,0.4965986394557823,0.4965986394557823,0.4965986394557823,0.4965986394557823,0.4965986394557823,0.4965986394557823,0.4965986394557823,0.4965986394557823,0.4965986394557823,0.4965986394557823,0.4965986394557823,0.4965986394557823
45,1.9469026548672566,0.9867256637168141,0.9823008849557522,0.9778761061946902,0.9734513274336283,0.9734513274336283,0.9734513274336283,0.9734513274336283,0.9734513274336283,0.9734513274336283,0.9734513274336283,0.9734513274336283,0.9734513274336283,0.9734513274336283,0.9734513274336283,0.9734513274336283,0.9734513274336283,0.9734513274336283,0.9734513274336283,0.9734513274336283,0.9734513274336283,0.9734513274336283,0.9734513274336283,0.9734513274336283,0.9734513274336283,0.9734513274336283,0.9734513274336283,0.9734513274336283,0.9734513274336283,0.9734513274336283,0.9734513274336283,0.9734513274336283,0.9734513274336283,0.9734513274336283,0.9734513274336283,0.9734513274336283,0.9734513274336283,0.9734513274336283,0.9734513274336283,0.9734513274336283,0.9734513274336283,0.9734513274336283,0.9734513274336283,0.9734513274336283,0.9734513274336283,0.9734513274336283,0.9734513274336283,0.9734513274336283,0.9734513274336283,0.9734513274336283,0.9734513274336283,0.9734513274336283,0.9734513274336283,0.9734513274336283,0.9734513274336283,0.9734513274336283,0.9734513274336283,0.9734513274336283,0.9734513274336283,0.9734513274336283,0.9734513274336283,0.9734513274336283,0.9734513274336283,0.9734513274336283
46,1.775609756097561,0.9878048780487805,0.8926829268292683,0.8902439024390244,0.8902439024390244,0.8902439024390244,0.8878048780487805,0.8878048780487805,0.8878048780487805,0.8878048780487805,0.8878048780487805,0.8878048780487805,0.8878048780487805,0.8878048780487805,0.8878048780487805,0.8878048780487805,0.8878048780487805,0.8878048780487805,0.8878048780487805,0.8878048780487805,0.8878048780487805,0.8878048780487805,0.8878048780487805,0.8878048780487805,0.8878048780487805,0.8878048780487805,0.8878048780487805,0.8878048780487805,0.8878048780487805,0.8878048780487805,0.8878048780487805,0.8878048780487805,0.8878048780487805,0.8878048780487805,0.8878048780487805,0.8878048780487805,0.8878048780487805,0.8878048780487805,0.8878048780487805,0.8878048780487805,0.8878048780487805,0.8878048780487805,0.8878048780487805,0.8878048780487805,0.8878048780487805,0.8878048780487805,0.8878048780487805,0.8878048780487805,0.8878048780487805,0.8878048780487805,0.8878048780487805,0.8878048780487805,0.8878048780487805,0.8878048780487805,0.8878048780487805,0.8878048780487805,0.8878048780487805,0.8878048780487805,0.8878048780487805,0.8878048780487805,0.8878048780487805,0.8878048780487805,0.8878048780487805,0.8878048780487805
47,1.1551724137931034,0.8189655172413793,0.7327586206896551,0.5948275862068966,0.5862068965517241,0.5775862068965517,0.5775862068965517,0.5775862068965517,0.5775862068965517,0.5775862068965517,0.5775862068965517,0.5775862068965517,0.5775862068965517,0.5775862068965517,0.5775862068965517,0.5775862068965517,0.5775862068965517,0.5775862068965517,0.5775862068965517,0.5775862068965517,0.5775862068965517,0.5775862068965517,0.5775862068965517,0.5775862068965517,0.5775862068965517,0.5775862068965517,0.5775862068965517,0.5775862068965517,0.5775862068965517,0.5775862068965517,0.5775862068965517,0.5775862068965517,0.5775862068965517,0.5775862068965517,0.5775862068965517,0.5775862068965517,0.5775862068965517,0.5775862068965517,0.5775862068965517,0.5775862068965517,0.5775862068965517,0.5775862068965517,0.5775862068965517,0.5775862068965517,0.5775862068965517,0.5775862068965517,0.5775862068965517,0.5775862068965517,0.5775862068965517,0.5775862068965517,0.5775862068965517,0.5775862068965517,0.5775862068965517,0.5775862068965517,0.5775862068965517,0.5775862068965517,0.5775862068965517,0.5775862068965517,0.5775862068965517,0.5775862068965517,0.5775862068965517,0.5775862068965517,0.5775862068965517,0.5775862068965517
48,0.9523809523809523,0.19047619047619047,0.14285714285714285,0.09523809523809523,0.09523809523809523,0.09523809523809523,0.09523809523809523,0.09523809523809523,0.09523809523809523,0.09523809523809523,0.09523809523809523,0.09523809523809523,0.09523809523809523,0.09523809523809523,0.09523809523809523,0.09523809523809523,0.09523809523809523,0.09523809523809523,0.09523809523809523,0.09523809523809523,0.09523809523809523,0.09523809523809523,0.09523809523809523,0.09523809523809523,0.09523809523809523,0.09523809523809523,0.09523809523809523,0.09523809523809523,0.09523809523809523,0.09523809523809523,0.09523809523809523,0.09523809523809523,0.09523809523809523,0.09523809523809523,0.09523809523809523,0.09523809523809523,0.09523809523809523,0.09523809523809523,0.09523809523809523,0.09523809523809523,0.09523809523809523,0.09523809523809523,0.09523809523809523,0.09523809523809523,0.09523809523809523,0.09523809523809523,0.09523809523809523,0.09523809523809523,0.09523809523809523,0.09523809523809523,0.09523809523809523,0.09523809523809523,0.09523809523809523,0.09523809523809523,0.09523809523809523,0.09523809523809523,0.09523809523809523,0.09523809523809523,0.09523809523809523,0.09523809523809523,0.09523809523809523,0.09523809523809523,0.09523809523809523,0.09523809523809523
49,0.9692307692307693,0.8307692307692308,0.4307692307692308,0.42307692307692313,0.41923076923076924,0.41923076923076924,0.4153846153846154,0.4153846153846154,0.4153846153846154,0.4153846153846154,0.4153846153846154,0.4153846153846154,0.4153846153846154,0.4153846153846154,0.4153846153846154,0.4153846153846154,0.4153846153846154,0.4153846153846154,0.4153846153846154,0.4153846153846154,0.4153846153846154,0.4153846153846154,0.4153846153846154,0.4153846153846154,0.4153846153846154,0.4153846153846154,0.4153846153846154,0.4153846153846154,0.4153846153846154,0.4153846153846154,0.4153846153846154,0.4153846153846154,0.4153846153846154,0.4153846153846154,0.4153846153846154,0.4153846153846154,0.4153846153846154,0.4153846153846154,0.4153846153846154,0.4153846153846154,0.4153846153846154,0.4153846153846154,0.4153846153846154,0.4153846153846154,0.4153846153846154,0.4153846153846154,0.4153846153846154,0.4153846153846154,0.4153846153846154,0.4153846153846154,0.4153846153846154,0.4153846153846154,0.4153846153846154,0.4153846153846154,0.4153846153846154,0.4153846153846154,0.4153846153846154,0.4153846153846154,0.4153846153846154,0.4153846153846154,0.4153846153846154,0.4153846153846154,0.4153846153846154,0.4153846153846154
50,1.7142857142857142,0.9523809523809523,0.9047619047619047,0.8571428571428571,0.8571428571428571,0.8571428571428571,0.8571428571428571,0.8571428571428571,0.8571428571428571,0.8571428571428571,0.8571428571428571,0.8571428571428571,0.8571428571428571,0.8571428571428571,0.8571428571428571,0.8571428571428571,0.8571428571428571,0.8571428571428571,0.8571428571428571,0.8571428571428571,0.8571428571428571,0.8571428571428571,0.8571428571428571,0.8571428571428571,0.8571428571428571,0.8571428571428571,0.8571428571428571,0.8571428571428571,0.8571428571428571,0.8571428571428571,0.8571428571428571,0.8571428571428571,0.8571428571428571,0.8571428571428571,0.8571428571428571,0.8571428571428571,0.8571428571428571,0.8571428571428571,0.8571428571428571,0.8571428571428571,0.8571428571428571,0.8571428571428571,0.8571428571428571,0.8571428571428571,0.8571428571428571,0.8571428571428571,0.8571428571428571,0.8571428571428571,0.8571428571428571,0.8571428571428571,0.8571428571428571,0.8571428571428571,0.8571428571428571,0.8571428571428571,0.8571428571428571,0.8571428571428571,0.8571428571428571,0.8571428571428571,0.8571428571428571,0.8571428571428571,0.8571428571428571,0.8571428571428571,0.8571428571428571,0.8571428571428571
51,1.1130434782608696,0.9608695652173913,0.5739130434782609,0.5652173913043478,0.5608695652173913,0.5608695652173913,0.5608695652173913,0.5565217391304348,0.5565217391304348,0.5565217391304348,0.5565217391304348,0.5565217391304348,0.5565217391304348,0.5565217391304348,0.5565217391304348,0.5565217391304348,0.5565217391304348,0.5565217391304348,0.5565217391304348,0.5565217391304348,0.5565217391304348,0.5565217391304348,0.5565217391304348,0.5565217391304348,0.5565217391304348,0.5565217391304348,0.5565217391304348,0.5565217391304348,0.5565217391304348,0.5565217391304348,0.5565217391304348,0.5565217391304348,0.5565217391304348,0.5565217391304348,0.5565217391304348,0.5565217391304348,0.5565217391304348,0.5565217391304348,0.5565217391304348,0.5565217391304348,0.5565217391304348,0.5565217391304348,0.5565217391304348,0.5565217391304348,0.5565217391304348,0.5565217391304348,0.5565217391304348,0.5565217391304348,0.5565217391304348,0.5565217391304348,0.5565217391304348,0.5565217391304348,0.5565217391304348,0.5565217391304348,0.5565217391304348,0.5565217391304348,0.5565217391304348,0.5565217391304348,0.5565217391304348,0.5565217391304348,0.5565217391304348,0.5565217391304348,0.5565217391304348,0.5565217391304348
52,0.9608695652173913,0.808695652173913,0.4217391304347826,0.41304347826086957,0.408695652173913,0.408695652173913,0.408695652173913,0.4043478260869565,0.4043478260869565,0.4043478260869565,0.4043478260869565,0.4043478260869565,0.4043478260869565,0.4043478260869565,0.4043478260869565,0.4043478260869565,0.4043478260869565,0.4043478260869565,0.4043478260869565,0.4043478260869565,0.4043478260869565,0.4043478260869565,0.4043478260869565,0.4043478260869565,0.4043478260869565,0.4043478260869565,0.4043478260869565,0.4043478260869565,0.4043478260869565,0.4043478260869565,0.4043478260869565,0.4043478260869565,0.4043478260869565,0.4043478260869565,0.4043478260869565,0.4043478260869565,0.4043478260869565,0.4043478260869565,0.4043478260869565,0.4043478260869565,0.4043478260869565,0.4043478260869565,0.4043478260869565,0.4043478260869565,0.4043478260869565,0.4043478260869565,0.4043478260869565,0.4043478260869565,0.4043478260869565,0.4043478260869565,0.4043478260869565,0.4043478260869565,0.4043478260869565,0.4043478260869565,0.4043478260869565,0.4043478260869565,0.4043478260869565,0.4043478260869565,0.4043478260869565,0.4043478260869565,0.4043478260869565,0.4043478260869565,0.4043478260869565,0.4043478260869565
53,1.1076923076923078,0.9692307692307693,0.5692307692307692,0.5615384615384615,0.5576923076923077,0.5576923076923077,0.5538461538461539,0.5538461538461539,0.5538461538461539,0.5538461538461539,0.5538461538461539,0.5538461538461539,0.5538461538461539,0.5538461538461539,0.5538461538461539,0.5538461538461539,0.5538461538461539,0.5538461538461539,0.5538461538461539,0.5538461538461539,0.5538461538461539,0.5538461538461539,0.5538461538461539,0.5538461538461539,0.5538461538461539,0.5538461538461539,0.5538461538461539,0.5538461538461539,0.5538461538461539,0.5538461538461539,0.5538461538461539,0.5538461538461539,0.5538461538461539,0.5538461538461539,0.5538461538461539,0.5538461538461539,0.5538461538461539,0.5538461538461539,0.5538461538461539,0.5538461538461539,0.5538461538461539,0.5538461538461539,0.5538461538461539,0.5538461538461539,0.5538461538461539,0.5538461538461539,0.5538461538461539,0.5538461538461539,0.5538461538461539,0.5538461538461539,0.5538461538461539,0.5538461538461539,0.5538461538461539,0.5538461538461539,0.5538461538461539,0.5538461538461539,0.5538461538461539,0.5538461538461539,0.5538461538461539,0.5538461538461539,0.5538461538461539,0.5538461538461539,0.5538461538461539,0.5538461538461539
54,1.9523809523809523,1.0,0.9761904761904762,0.9761904761904762,0.9761904761904762,0.9761904761904762,0.9761904761904762,0.9761904761904762,0.9761904761904762,0.9761904761904762,0.9761904761904762,0.9761904761904762,0.9761904761904762,0.9761904761904762,0.9761904761904762,0.9761904761904762,0.9761904761904762,0.9761904761904762,0.9761904761904762,0.9761904761904762,0.9761904761904762,0.9761904761904762,0.9761904761904762,0.9761904761904762,0.9761904761904762,0.9761904761904762,0.9761904761904762,0.9761904761904762,0.9761904761904762,0.9761904761904762,0.9761904761904762,0.9761904761904762,0.9761904761904762,0.9761904761904762,0.9761904761904762,0.9761904761904762,0.9761904761904762,0.9761904761904762,0.9761904761904762,0.9761904761904762,0.9761904761904762,0.9761904761904762,0.9761904761904762,0.9761904761904762,0.9761904761904762,0.9761904761904762,0.9761904761904762,0.9761904761904762,0.9761904761904762,0.9761904761904762,0.9761904761904762,0.9761904761904762,0.9761904761904762,0.9761904761904762,0.9761904761904762,0.9761904761904762,0.9761904761904762,0.9761904761904762,0.9761904761904762,0.9761904761904762,0.9761904761904762,0.9761904761904762,0.9761904761904762,0.9761904761904762
55,0.6666666666666667,0.31818181818181823,0.1111111111111111,0.09595959595959597,0.06565656565656565,0.0606060606060606,0.0606060606060606,0.0606060606060606,0.0606060606060606,0.05555555555555555,0.05555555555555555,0.05555555555555555,0.05555555555555555,0.05555555555555555,0.05555555555555555,0.05555555555555555,0.05555555555555555,0.05555555555555555,0.05555555555555555,0.05555555555555555,0.05555555555555555,0.05555555555555555,0.05555555555555555,0.05555555555555555,0.05555555555555555,0.05555555555555555,0.05555555555555555,0.05555555555555555,0.05555555555555555,0.05555555555555555,0.05555555555555555,0.05555555555555555,0.05555555555555555,0.05555555555555555,0.05555555555555555,0.05555555555555555,0.05555555555555555,0.05555555555555555,0.05555555555555555,0.05555555555555555,0.05555555555555555,0.05555555555555555,0.05555555555555555,0.05555555555555555,0.05555555555555555,0.05555555555555555,0.05555555555555555,0.05555555555555555,0.05555555555555555,0.05555555555555555,0.05555555555555555,0.05555555555555555,0.05555555555555555,0.05555555555555555,0.05555555555555555,0.05555555555555555,0.05555555555555555,0.05555555555555555,0.05555555555555555,0.05555555555555555,0.05555555555555555,0.05555555555555555,0.05555555555555555,0.05555555555555555
56,2.0,1.0,1.0,1.0,1.0,1.0,1.0,1.0,1.0,1.0,1.0,1.0,1.0,1.0,1.0,1.0,1.0,1.0,1.0,1.0,1.0,1.0,1.0,1.0,1.0,1.0,1.0,1.0,1.0,1.0,1.0,1.0,1.0,1.0,1.0,1.0,1.0,1.0,1.0,1.0,1.0,1.0,1.0,1.0,1.0,1.0,1.0,1.0,1.0,1.0,1.0,1.0,1.0,1.0,1.0,1.0,1.0,1.0,1.0,1.0,1.0,1.0,1.0,1.0
57,0.9659863945578231,0.9387755102040817,0.4829931972789116,0.4761904761904762,0.47278911564625853,0.47278911564625853,0.47278911564625853,0.47278911564625853,0.46938775510204084,0.46938775510204084,0.46938775510204084,0.46938775510204084,0.46938775510204084,0.46938775510204084,0.46938775510204084,0.46938775510204084,0.46938775510204084,0.46938775510204084,0.46938775510204084,0.46938775510204084,0.46938775510204084,0.46938775510204084,0.46938775510204084,0.46938775510204084,0.46938775510204084,0.46938775510204084,0.46938775510204084,0.46938775510204084,0.46938775510204084,0.46938775510204084,0.46938775510204084,0.46938775510204084,0.46938775510204084,0.46938775510204084,0.46938775510204084,0.46938775510204084,0.46938775510204084,0.46938775510204084,0.46938775510204084,0.46938775510204084,0.46938775510204084,0.46938775510204084,0.46938775510204084,0.46938775510204084,0.46938775510204084,0.46938775510204084,0.46938775510204084,0.46938775510204084,0.46938775510204084,0.46938775510204084,0.46938775510204084,0.46938775510204084,0.46938775510204084,0.46938775510204084,0.46938775510204084,0.46938775510204084,0.46938775510204084,0.46938775510204084,0.46938775510204084,0.46938775510204084,0.46938775510204084,0.46938775510204084,0.46938775510204084,0.46938775510204084
58,2.0,1.0,1.0,1.0,1.0,1.0,1.0,1.0,1.0,1.0,1.0,1.0,1.0,1.0,1.0,1.0,1.0,1.0,1.0,1.0,1.0,1.0,1.0,1.0,1.0,1.0,1.0,1.0,1.0,1.0,1.0,1.0,1.0,1.0,1.0,1.0,1.0,1.0,1.0,1.0,1.0,1.0,1.0,1.0,1.0,1.0,1.0,1.0,1.0,1.0,1.0,1.0,1.0,1.0,1.0,1.0,1.0,1.0,1.0,1.0,1.0,1.0,1.0,1.0
59,1.3647798742138364,0.9009433962264151,0.7295597484276729,0.7264150943396226,0.6855345911949685,0.6855345911949685,0.6839622641509434,0.6823899371069182,0.6823899371069182,0.6823899371069182,0.6823899371069182,0.6823899371069182,0.6823899371069182,0.6823899371069182,0.6823899371069182,0.6823899371069182,0.6823899371069182,0.6823899371069182,0.6823899371069182,0.6823899371069182,0.6823899371069182,0.6823899371069182,0.6823899371069182,0.6823899371069182,0.6823899371069182,0.6823899371069182,0.6823899371069182,0.6823899371069182,0.6823899371069182,0.6823899371069182,0.6823899371069182,0.6823899371069182,0.6823899371069182,0.6823899371069182,0.6823899371069182,0.6823899371069182,0.6823899371069182,0.6823899371069182,0.6823899371069182,0.6823899371069182,0.6823899371069182,0.6823899371069182,0.6823899371069182,0.6823899371069182,0.6823899371069182,0.6823899371069182,0.6823899371069182,0.6823899371069182,0.6823899371069182,0.6823899371069182,0.6823899371069182,0.6823899371069182,0.6823899371069182,0.6823899371069182,0.6823899371069182,0.6823899371069182,0.6823899371069182,0.6823899371069182,0.6823899371069182,0.6823899371069182,0.6823899371069182,0.6823899371069182,0.6823899371069182,0.6823899371069182
60,1.8428571428571427,0.9857142857142857,0.9285714285714285,0.9285714285714285,0.9214285714285714,0.9214285714285714,0.9214285714285714,0.9214285714285714,0.9214285714285714,0.9214285714285714,0.9214285714285714,0.9214285714285714,0.9214285714285714,0.9214285714285714,0.9214285714285714,0.9214285714285714,0.9214285714285714,0.9214285714285714,0.9214285714285714,0.9214285714285714,0.9214285714285714,0.9214285714285714,0.9214285714285714,0.9214285714285714,0.9214285714285714,0.9214285714285714,0.9214285714285714,0.9214285714285714,0.9214285714285714,0.9214285714285714,0.9214285714285714,0.9214285714285714,0.9214285714285714,0.9214285714285714,0.9214285714285714,0.9214285714285714,0.9214285714285714,0.9214285714285714,0.9214285714285714,0.9214285714285714,0.9214285714285714,0.9214285714285714,0.9214285714285714,0.9214285714285714,0.9214285714285714,0.9214285714285714,0.9214285714285714,0.9214285714285714,0.9214285714285714,0.9214285714285714,0.9214285714285714,0.9214285714285714,0.9214285714285714,0.9214285714285714,0.9214285714285714,0.9214285714285714,0.9214285714285714,0.9214285714285714,0.9214285714285714,0.9214285714285714,0.9214285714285714,0.9214285714285714,0.9214285714285714,0.9214285714285714
61,1.2692307692307692,0.9423076923076923,0.673076923076923,0.6538461538461539,0.6346153846153846,0.6346153846153846,0.6346153846153846,0.6346153846153846,0.6346153846153846,0.6346153846153846,0.6346153846153846,0.6346153846153846,0.6346153846153846,0.6346153846153846,0.6346153846153846,0.6346153846153846,0.6346153846153846,0.6346153846153846,0.6346153846153846,0.6346153846153846,0.6346153846153846,0.6346153846153846,0.6346153846153846,0.6346153846153846,0.6346153846153846,0.6346153846153846,0.6346153846153846,0.6346153846153846,0.6346153846153846,0.6346153846153846,0.6346153846153846,0.6346153846153846,0.6346153846153846,0.6346153846153846,0.6346153846153846,0.6346153846153846,0.6346153846153846,0.6346153846153846,0.6346153846153846,0.6346153846153846,0.6346153846153846,0.6346153846153846,0.6346153846153846,0.6346153846153846,0.6346153846153846,0.6346153846153846,0.6346153846153846,0.6346153846153846,0.6346153846153846,0.6346153846153846,0.6346153846153846,0.6346153846153846,0.6346153846153846,0.6346153846153846,0.6346153846153846,0.6346153846153846,0.6346153846153846,0.6346153846153846,0.6346153846153846,0.6346153846153846,0.6346153846153846,0.6346153846153846,0.6346153846153846,0.6346153846153846
62,0.9710743801652892,0.18181818181818182,0.09504132231404959,0.09504132231404959,0.09504132231404959,0.09090909090909091,0.09090909090909091,0.09090909090909091,0.09090909090909091,0.09090909090909091,0.09090909090909091,0.09090909090909091,0.09090909090909091,0.09090909090909091,0.09090909090909091,0.09090909090909091,0.09090909090909091,0.09090909090909091,0.09090909090909091,0.09090909090909091,0.09090909090909091,0.09090909090909091,0.09090909090909091,0.09090909090909091,0.09090909090909091,0.09090909090909091,0.09090909090909091,0.09090909090909091,0.09090909090909091,0.09090909090909091,0.09090909090909091,0.09090909090909091,0.09090909090909091,0.09090909090909091,0.09090909090909091,0.09090909090909091,0.09090909090909091,0.09090909090909091,0.09090909090909091,0.09090909090909091,0.09090909090909091,0.09090909090909091,0.09090909090909091,0.09090909090909091,0.09090909090909091,0.09090909090909091,0.09090909090909091,0.09090909090909091,0.09090909090909091,0.09090909090909091,0.09090909090909091,0.09090909090909091,0.09090909090909091,0.09090909090909091,0.09090909090909091,0.09090909090909091,0.09090909090909091,0.09090909090909091,0.09090909090909091,0.09090909090909091,0.09090909090909091,0.09090909090909091,0.09090909090909091,0.09090909090909091
63,1.3846153846153846,1.0,0.6923076923076923,0.6923076923076923,0.6923076923076923,0.6923076923076923,0.6923076923076923,0.6923076923076923,0.6923076923076923,0.6923076923076923,0.6923076923076923,0.6923076923076923,0.6923076923076923,0.6923076923076923,0.6923076923076923,0.6923076923076923,0.6923076923076923,0.6923076923076923,0.6923076923076923,0.6923076923076923,0.6923076923076923,0.6923076923076923,0.6923076923076923,0.6923076923076923,0.6923076923076923,0.6923076923076923,0.6923076923076923,0.6923076923076923,0.6923076923076923,0.6923076923076923,0.6923076923076923,0.6923076923076923,0.6923076923076923,0.6923076923076923,0.6923076923076923,0.6923076923076923,0.6923076923076923,0.6923076923076923,0.6923076923076923,0.6923076923076923,0.6923076923076923,0.6923076923076923,0.6923076923076923,0.6923076923076923,0.6923076923076923,0.6923076923076923,0.6923076923076923,0.6923076923076923,0.6923076923076923,0.6923076923076923,0.6923076923076923,0.6923076923076923,0.6923076923076923,0.6923076923076923,0.6923076923076923,0.6923076923076923,0.6923076923076923,0.6923076923076923,0.6923076923076923,0.6923076923076923,0.6923076923076923,0.6923076923076923,0.6923076923076923,0.6923076923076923
64,0.0,0.0,0.0,0.0,0.0,0.0,0.0,0.0,0.0,0.0,0.0,0.0,0.0,0.0,0.0,0.0,0.0,0.0,0.0,0.0,0.0,0.0,0.0,0.0,0.0,0.0,0.0,0.0,0.0,0.0,0.0,0.0,0.0,0.0,0.0,0.0,0.0,0.0,0.0,0.0,0.0,0.0,0.0,0.0,0.0,0.0,0.0,0.0,0.0,0.0,0.0,0.0,0.0,0.0,0.0,0.0,0.0,0.0,0.0,0.0,0.0,0.0,0.0,0.0
